Clark-YH airfoil            
-------------------------------------------------------------------
-
-   Lift coefficient - low angle table
- +xxx.xxx..+xxx.xxx..+x.xxxxxxe+xx   2x, f8.3, 2x, f8.3, 2x, d13.6
-------------------------------------------------------------------
   2    33      -- n of Reynolds points and n of alpha points
 0.000000e+00	 -32.000	 -1.087225e+00
 0.000000e+00	 -30.000	 -1.068900e+00
 0.000000e+00	 -28.000	 -1.053959e+00
 0.000000e+00	 -26.000	 -1.036557e+00
 0.000000e+00	 -24.000	 -1.009318e+00
 0.000000e+00	 -22.000	 -9.817004e-01
 0.000000e+00	 -20.000	 -9.800000e-01
 0.000000e+00	 -18.000	 -1.026937e+00
 0.000000e+00	 -16.000	 -1.128000e+00
 0.000000e+00	 -14.000	 -1.220000e+00
 0.000000e+00	 -12.000	 -1.095000e+00
 0.000000e+00	 -10.000	 -8.900000e-01
 0.000000e+00	  -8.000	 -6.800000e-01
 0.000000e+00	  -6.000	 -4.700000e-01
 0.000000e+00	  -4.000	 -3.120000e-01
 0.000000e+00	  -2.000	 -8.920000e-02
 0.000000e+00	   0.000	  3.033250e-01
 0.000000e+00	   2.000	  5.645170e-01
 0.000000e+00	   4.000	  7.939290e-01
 0.000000e+00	   6.000	  9.852770e-01
 0.000000e+00	   8.000	  1.112380e+00
 0.000000e+00	  10.000	  1.284620e+00
 0.000000e+00	  12.000	  1.377540e+00
 0.000000e+00	  14.000	  1.339180e+00
 0.000000e+00	  16.000	  1.185570e+00
 0.000000e+00	  18.000	  1.168800e+00
 0.000000e+00	  20.000	  1.000000e+00
 0.000000e+00	  22.000	  1.041677e+00
 0.000000e+00	  24.000	  1.040492e+00
 0.000000e+00	  26.000	  1.039063e+00
 0.000000e+00	  28.000	  1.053819e+00
 0.000000e+00	  30.000	  1.075000e+00
 0.000000e+00	  32.000	  1.093498e+00
 1.000000e+06	 -32.000	 -1.087225e+00
 1.000000e+06	 -30.000	 -1.068900e+00
 1.000000e+06	 -28.000	 -1.053959e+00
 1.000000e+06	 -26.000	 -1.036557e+00
 1.000000e+06	 -24.000	 -1.009318e+00
 1.000000e+06	 -22.000	 -9.817004e-01
 1.000000e+06	 -20.000	 -9.800000e-01
 1.000000e+06	 -18.000	 -1.026937e+00
 1.000000e+06	 -16.000	 -1.128000e+00
 1.000000e+06	 -14.000	 -1.220000e+00
 1.000000e+06	 -12.000	 -1.095000e+00
 1.000000e+06	 -10.000	 -8.900000e-01
 1.000000e+06	  -8.000	 -6.800000e-01
 1.000000e+06	  -6.000	 -4.700000e-01
 1.000000e+06	  -4.000	 -3.120000e-01
 1.000000e+06	  -2.000	 -8.920000e-02
 1.000000e+06	   0.000	  3.033250e-01
 1.000000e+06	   2.000	  5.645170e-01
 1.000000e+06	   4.000	  7.939290e-01
 1.000000e+06	   6.000	  9.852770e-01
 1.000000e+06	   8.000	  1.112380e+00
 1.000000e+06	  10.000	  1.284620e+00
 1.000000e+06	  12.000	  1.377540e+00
 1.000000e+06	  14.000	  1.339180e+00
 1.000000e+06	  16.000	  1.185570e+00
 1.000000e+06	  18.000	  1.168800e+00
 1.000000e+06	  20.000	  1.000000e+00
 1.000000e+06	  22.000	  1.041677e+00
 1.000000e+06	  24.000	  1.040492e+00
 1.000000e+06	  26.000	  1.039063e+00
 1.000000e+06	  28.000	  1.053819e+00
 1.000000e+06	  30.000	  1.075000e+00
 1.000000e+06	  32.000	  1.093498e+00
-------------------------------------------------------------------
-
-   Lift coefficient - high angle table
- +xxx.xxx..+xxx.xxx..+x.xxxxxxe+xx   2x, f8.3, 2x, f8.3, 2x, d13.6
-------------------------------------------------------------------
   1    181      -- n of Reynolds points and n of alpha points
 1.000000e+06	-180.000	  4.000000e-02
 1.000000e+06	-178.000	  2.502448e-01
 1.000000e+06	-176.000	  4.095997e-01
 1.000000e+06	-174.000	  5.248322e-01
 1.000000e+06	-172.000	  6.027098e-01
 1.000000e+06	-170.000	  6.500000e-01
 1.000000e+06	-168.000	  6.734702e-01
 1.000000e+06	-166.000	  6.798878e-01
 1.000000e+06	-164.000	  6.760203e-01
 1.000000e+06	-162.000	  6.686352e-01
 1.000000e+06	-160.000	  6.645000e-01
 1.000000e+06	-158.000	  6.688570e-01
 1.000000e+06	-156.000	  6.808484e-01
 1.000000e+06	-154.000	  6.980913e-01
 1.000000e+06	-152.000	  7.182028e-01
 1.000000e+06	-150.000	  7.388000e-01
 1.000000e+06	-148.000	  7.578622e-01
 1.000000e+06	-146.000	  7.748178e-01
 1.000000e+06	-144.000	  7.894574e-01
 1.000000e+06	-142.000	  8.015718e-01
 1.000000e+06	-140.000	  8.109515e-01
 1.000000e+06	-138.000	  8.173871e-01
 1.000000e+06	-136.000	  8.206694e-01
 1.000000e+06	-134.000	  8.205890e-01
 1.000000e+06	-132.000	  8.169365e-01
 1.000000e+06	-130.000	  8.095026e-01
 1.000000e+06	-128.000	  7.980778e-01
 1.000000e+06	-126.000	  7.824529e-01
 1.000000e+06	-124.000	  7.624296e-01
 1.000000e+06	-122.000	  7.380636e-01
 1.000000e+06	-120.000	  7.096649e-01
 1.000000e+06	-118.000	  6.775546e-01
 1.000000e+06	-116.000	  6.420535e-01
 1.000000e+06	-114.000	  6.034828e-01
 1.000000e+06	-112.000	  5.621634e-01
 1.000000e+06	-110.000	  5.184162e-01
 1.000000e+06	-108.000	  4.725624e-01
 1.000000e+06	-106.000	  4.249229e-01
 1.000000e+06	-104.000	  3.758186e-01
 1.000000e+06	-102.000	  3.255707e-01
 1.000000e+06	-100.000	  2.745000e-01
 1.000000e+06	 -98.000	  2.228681e-01
 1.000000e+06	 -96.000	  1.706985e-01
 1.000000e+06	 -94.000	  1.179553e-01
 1.000000e+06	 -92.000	  6.460232e-02
 1.000000e+06	 -90.000	  1.060368e-02
 1.000000e+06	 -88.000	 -4.407663e-02
 1.000000e+06	 -86.000	 -9.947460e-02
 1.000000e+06	 -84.000	 -1.556262e-01
 1.000000e+06	 -82.000	 -2.125675e-01
 1.000000e+06	 -80.000	 -2.703344e-01
 1.000000e+06	 -78.000	 -3.289629e-01
 1.000000e+06	 -76.000	 -3.884891e-01
 1.000000e+06	 -74.000	 -4.489290e-01
 1.000000e+06	 -72.000	 -5.098435e-01
 1.000000e+06	 -70.000	 -5.703379e-01
 1.000000e+06	 -68.000	 -6.294976e-01
 1.000000e+06	 -66.000	 -6.864082e-01
 1.000000e+06	 -64.000	 -7.401551e-01
 1.000000e+06	 -62.000	 -7.898239e-01
 1.000000e+06	 -60.000	 -8.345000e-01
 1.000000e+06	 -58.000	 -8.735811e-01
 1.000000e+06	 -56.000	 -9.077134e-01
 1.000000e+06	 -54.000	 -9.378551e-01
 1.000000e+06	 -52.000	 -9.649645e-01
 1.000000e+06	 -50.000	 -9.900000e-01
 1.000000e+06	 -48.000	 -1.014092e+00
 1.000000e+06	 -46.000	 -1.039063e+00
 1.000000e+06	 -44.000	 -1.066711e+00
 1.000000e+06	 -42.000	 -1.094389e+00
 1.000000e+06	 -40.000	 -1.115000e+00
 1.000000e+06	 -38.000	 -1.122888e+00
 1.000000e+06	 -36.000	 -1.118933e+00
 1.000000e+06	 -34.000	 -1.105711e+00
 1.000000e+06	 -32.000	 -1.087225e+00
 1.000000e+06	 -30.000	 -1.068900e+00
 1.000000e+06	 -28.000	 -1.053959e+00
 1.000000e+06	 -26.000	 -1.036557e+00
 1.000000e+06	 -24.000	 -1.009318e+00
 1.000000e+06	 -22.000	 -9.817004e-01
 1.000000e+06	 -20.000	 -9.800000e-01
 1.000000e+06	 -18.000	 -1.026937e+00
 1.000000e+06	 -16.000	 -1.128000e+00
 1.000000e+06	 -14.000	 -1.220000e+00
 1.000000e+06	 -12.000	 -1.095000e+00
 1.000000e+06	 -10.000	 -8.900000e-01
 1.000000e+06	  -8.000	 -6.800000e-01
 1.000000e+06	  -6.000	 -4.700000e-01
 1.000000e+06	  -4.000	 -3.120000e-01
 1.000000e+06	  -2.000	 -8.920000e-02
 1.000000e+06	   0.000	  3.033250e-01
 1.000000e+06	   2.000	  5.645170e-01
 1.000000e+06	   4.000	  7.939290e-01
 1.000000e+06	   6.000	  9.852770e-01
 1.000000e+06	   8.000	  1.112380e+00
 1.000000e+06	  10.000	  1.284620e+00
 1.000000e+06	  12.000	  1.377540e+00
 1.000000e+06	  14.000	  1.339180e+00
 1.000000e+06	  16.000	  1.185570e+00
 1.000000e+06	  18.000	  1.168800e+00
 1.000000e+06	  20.000	  1.000000e+00
 1.000000e+06	  22.000	  1.041677e+00
 1.000000e+06	  24.000	  1.040492e+00
 1.000000e+06	  26.000	  1.039063e+00
 1.000000e+06	  28.000	  1.053819e+00
 1.000000e+06	  30.000	  1.075000e+00
 1.000000e+06	  32.000	  1.093498e+00
 1.000000e+06	  34.000	  1.107359e+00
 1.000000e+06	  36.000	  1.116349e+00
 1.000000e+06	  38.000	  1.118577e+00
 1.000000e+06	  40.000	  1.110500e+00
 1.000000e+06	  42.000	  1.090281e+00
 1.000000e+06	  44.000	  1.063204e+00
 1.000000e+06	  46.000	  1.036142e+00
 1.000000e+06	  48.000	  1.011659e+00
 1.000000e+06	  50.000	  9.880000e-01
 1.000000e+06	  52.000	  9.633891e-01
 1.000000e+06	  54.000	  9.366984e-01
 1.000000e+06	  56.000	  9.069633e-01
 1.000000e+06	  58.000	  8.732188e-01
 1.000000e+06	  60.000	  8.345000e-01
 1.000000e+06	  62.000	  7.901513e-01
 1.000000e+06	  64.000	  7.407537e-01
 1.000000e+06	  66.000	  6.871974e-01
 1.000000e+06	  68.000	  6.303727e-01
 1.000000e+06	  70.000	  5.711698e-01
 1.000000e+06	  72.000	  5.104789e-01
 1.000000e+06	  74.000	  4.491903e-01
 1.000000e+06	  76.000	  3.881764e-01
 1.000000e+06	  78.000	  3.279010e-01
 1.000000e+06	  80.000	  2.684194e-01
 1.000000e+06	  82.000	  2.097690e-01
 1.000000e+06	  84.000	  1.519873e-01
 1.000000e+06	  86.000	  9.511172e-02
 1.000000e+06	  88.000	  3.917971e-02
 1.000000e+06	  90.000	 -1.577127e-02
 1.000000e+06	  92.000	 -6.970378e-02
 1.000000e+06	  94.000	 -1.225804e-01
 1.000000e+06	  96.000	 -1.743636e-01
 1.000000e+06	  98.000	 -2.250159e-01
 1.000000e+06	 100.000	 -2.745000e-01
 1.000000e+06	 102.000	 -3.227752e-01
 1.000000e+06	 104.000	 -3.697881e-01
 1.000000e+06	 106.000	 -4.154823e-01
 1.000000e+06	 108.000	 -4.598012e-01
 1.000000e+06	 110.000	 -5.026883e-01
 1.000000e+06	 112.000	 -5.440872e-01
 1.000000e+06	 114.000	 -5.839412e-01
 1.000000e+06	 116.000	 -6.221940e-01
 1.000000e+06	 118.000	 -6.587889e-01
 1.000000e+06	 120.000	 -6.936695e-01
 1.000000e+06	 122.000	 -7.267793e-01
 1.000000e+06	 124.000	 -7.580617e-01
 1.000000e+06	 126.000	 -7.874593e-01
 1.000000e+06	 128.000	 -8.148909e-01
 1.000000e+06	 130.000	 -8.402523e-01
 1.000000e+06	 132.000	 -8.634380e-01
 1.000000e+06	 134.000	 -8.843424e-01
 1.000000e+06	 136.000	 -9.028602e-01
 1.000000e+06	 138.000	 -9.188859e-01
 1.000000e+06	 140.000	 -9.323140e-01
 1.000000e+06	 142.000	 -9.430390e-01
 1.000000e+06	 144.000	 -9.509556e-01
 1.000000e+06	 146.000	 -9.559583e-01
 1.000000e+06	 148.000	 -9.579416e-01
 1.000000e+06	 150.000	 -9.568000e-01
 1.000000e+06	 152.000	 -9.526639e-01
 1.000000e+06	 154.000	 -9.466067e-01
 1.000000e+06	 156.000	 -9.399375e-01
 1.000000e+06	 158.000	 -9.339655e-01
 1.000000e+06	 160.000	 -9.300000e-01
 1.000000e+06	 162.000	 -9.280213e-01
 1.000000e+06	 164.000	 -9.226951e-01
 1.000000e+06	 166.000	 -9.073582e-01
 1.000000e+06	 168.000	 -8.753475e-01
 1.000000e+06	 170.000	 -8.200000e-01
 1.000000e+06	 172.000	 -7.346525e-01
 1.000000e+06	 174.000	 -6.126418e-01
 1.000000e+06	 176.000	 -4.473049e-01
 1.000000e+06	 178.000	 -2.319787e-01
 1.000000e+06	 180.000	  4.000000e-02
-------------------------------------------------------------------
-
-   Drag coefficient - low angle table
- +xxx.xxx..+xxx.xxx..+x.xxxxxxe+xx   2x, f8.3, 2x, f8.3, 2x, d13.6
-------------------------------------------------------------------
   2    33      -- n of Reynolds points and n of alpha points
 0.000000e+00	 -32.000	  6.908690e-01
 0.000000e+00	 -30.000	  6.400000e-01
 0.000000e+00	 -28.000	  5.892289e-01
 0.000000e+00	 -26.000	  5.370766e-01
 0.000000e+00	 -24.000	  4.820719e-01
 0.000000e+00	 -22.000	  4.244194e-01
 0.000000e+00	 -20.000	  3.660000e-01
 0.000000e+00	 -18.000	  3.082954e-01
 0.000000e+00	 -16.000	  2.509000e-01
 0.000000e+00	 -14.000	  1.933000e-01
 0.000000e+00	 -12.000	  1.357000e-01
 0.000000e+00	 -10.000	  7.810000e-02
 0.000000e+00	  -8.000	  2.050000e-02
 0.000000e+00	  -6.000	  1.540000e-02
 0.000000e+00	  -4.000	  1.120000e-02
 0.000000e+00	  -2.000	  1.000000e-02
 0.000000e+00	   0.000	  5.705520e-03
 0.000000e+00	   2.000	  6.365380e-03
 0.000000e+00	   4.000	  7.335850e-03
 0.000000e+00	   6.000	  9.672940e-03
 0.000000e+00	   8.000	  1.143360e-02
 0.000000e+00	  10.000	  1.663890e-02
 0.000000e+00	  12.000	  2.738460e-02
 0.000000e+00	  14.000	  5.034880e-02
 0.000000e+00	  16.000	  9.416060e-02
 0.000000e+00	  18.000	  2.423000e-01
 0.000000e+00	  20.000	  3.084000e-01
 0.000000e+00	  22.000	  3.789788e-01
 0.000000e+00	  24.000	  4.483149e-01
 0.000000e+00	  26.000	  5.214522e-01
 0.000000e+00	  28.000	  5.955733e-01
 0.000000e+00	  30.000	  6.600000e-01
 0.000000e+00	  32.000	  7.073069e-01
 1.000000e+06	 -32.000	  6.908690e-01
 1.000000e+06	 -30.000	  6.400000e-01
 1.000000e+06	 -28.000	  5.892289e-01
 1.000000e+06	 -26.000	  5.370766e-01
 1.000000e+06	 -24.000	  4.820719e-01
 1.000000e+06	 -22.000	  4.244194e-01
 1.000000e+06	 -20.000	  3.660000e-01
 1.000000e+06	 -18.000	  3.082954e-01
 1.000000e+06	 -16.000	  2.509000e-01
 1.000000e+06	 -14.000	  1.933000e-01
 1.000000e+06	 -12.000	  1.357000e-01
 1.000000e+06	 -10.000	  7.810000e-02
 1.000000e+06	  -8.000	  2.050000e-02
 1.000000e+06	  -6.000	  1.540000e-02
 1.000000e+06	  -4.000	  1.120000e-02
 1.000000e+06	  -2.000	  1.000000e-02
 1.000000e+06	   0.000	  5.705520e-03
 1.000000e+06	   2.000	  6.365380e-03
 1.000000e+06	   4.000	  7.335850e-03
 1.000000e+06	   6.000	  9.672940e-03
 1.000000e+06	   8.000	  1.143360e-02
 1.000000e+06	  10.000	  1.663890e-02
 1.000000e+06	  12.000	  2.738460e-02
 1.000000e+06	  14.000	  5.034880e-02
 1.000000e+06	  16.000	  9.416060e-02
 1.000000e+06	  18.000	  2.423000e-01
 1.000000e+06	  20.000	  3.084000e-01
 1.000000e+06	  22.000	  3.789788e-01
 1.000000e+06	  24.000	  4.483149e-01
 1.000000e+06	  26.000	  5.214522e-01
 1.000000e+06	  28.000	  5.955733e-01
 1.000000e+06	  30.000	  6.600000e-01
 1.000000e+06	  32.000	  7.073069e-01
-------------------------------------------------------------------
-
-   Drag coefficient - high angle table
- +xxx.xxx..+xxx.xxx..+x.xxxxxxe+xx   2x, f8.3, 2x, f8.3, 2x, d13.6
-------------------------------------------------------------------
   1    181      -- n of Reynolds points and n of alpha points
  1.000000e+06	-180.000	  1.500000e-02
 1.000000e+06	-178.000	  1.715898e-02
 1.000000e+06	-176.000	  2.862664e-02
 1.000000e+06	-174.000	  4.851481e-02
 1.000000e+06	-172.000	  7.593532e-02
 1.000000e+06	-170.000	  1.100000e-01
 1.000000e+06	-168.000	  1.498207e-01
 1.000000e+06	-166.000	  1.945092e-01
 1.000000e+06	-164.000	  2.431774e-01
 1.000000e+06	-162.000	  2.949370e-01
 1.000000e+06	-160.000	  3.489000e-01
 1.000000e+06	-158.000	  4.042047e-01
 1.000000e+06	-156.000	  4.600958e-01
 1.000000e+06	-154.000	  5.158445e-01
 1.000000e+06	-152.000	  5.707222e-01
 1.000000e+06	-150.000	  6.240000e-01
 1.000000e+06	-148.000	  6.750997e-01
 1.000000e+06	-146.000	  7.240450e-01
 1.000000e+06	-144.000	  7.710099e-01
 1.000000e+06	-142.000	  8.161686e-01
 1.000000e+06	-140.000	  8.596953e-01
 1.000000e+06	-138.000	  9.017640e-01
 1.000000e+06	-136.000	  9.425490e-01
 1.000000e+06	-134.000	  9.822243e-01
 1.000000e+06	-132.000	  1.020964e+00
 1.000000e+06	-130.000	  1.058942e+00
 1.000000e+06	-128.000	  1.096334e+00
 1.000000e+06	-126.000	  1.133312e+00
 1.000000e+06	-124.000	  1.170041e+00
 1.000000e+06	-122.000	  1.206473e+00
 1.000000e+06	-120.000	  1.242343e+00
 1.000000e+06	-118.000	  1.277377e+00
 1.000000e+06	-116.000	  1.311303e+00
 1.000000e+06	-114.000	  1.343847e+00
 1.000000e+06	-112.000	  1.374736e+00
 1.000000e+06	-110.000	  1.403696e+00
 1.000000e+06	-108.000	  1.430454e+00
 1.000000e+06	-106.000	  1.454737e+00
 1.000000e+06	-104.000	  1.476271e+00
 1.000000e+06	-102.000	  1.494783e+00
 1.000000e+06	-100.000	  1.510000e+00
 1.000000e+06	 -98.000	  1.521716e+00
 1.000000e+06	 -96.000	  1.529994e+00
 1.000000e+06	 -94.000	  1.534967e+00
 1.000000e+06	 -92.000	  1.536767e+00
 1.000000e+06	 -90.000	  1.535523e+00
 1.000000e+06	 -88.000	  1.531369e+00
 1.000000e+06	 -86.000	  1.524436e+00
 1.000000e+06	 -84.000	  1.514854e+00
 1.000000e+06	 -82.000	  1.502757e+00
 1.000000e+06	 -80.000	  1.488275e+00
 1.000000e+06	 -78.000	  1.471540e+00
 1.000000e+06	 -76.000	  1.452683e+00
 1.000000e+06	 -74.000	  1.431836e+00
 1.000000e+06	 -72.000	  1.409121e+00
 1.000000e+06	 -70.000	  1.384653e+00
 1.000000e+06	 -68.000	  1.358546e+00
 1.000000e+06	 -66.000	  1.330913e+00
 1.000000e+06	 -64.000	  1.301868e+00
 1.000000e+06	 -62.000	  1.271526e+00
 1.000000e+06	 -60.000	  1.240000e+00
 1.000000e+06	 -58.000	  1.207415e+00
 1.000000e+06	 -56.000	  1.173942e+00
 1.000000e+06	 -54.000	  1.139761e+00
 1.000000e+06	 -52.000	  1.105053e+00
 1.000000e+06	 -50.000	  1.070000e+00
 1.000000e+06	 -48.000	  1.034971e+00
 1.000000e+06	 -46.000	  1.001095e+00
 1.000000e+06	 -44.000	  9.695305e-01
 1.000000e+06	 -42.000	  9.378428e-01
 1.000000e+06	 -40.000	  9.000000e-01
 1.000000e+06	 -38.000	  8.518714e-01
 1.000000e+06	 -36.000	  7.975551e-01
 1.000000e+06	 -34.000	  7.430539e-01
 1.000000e+06	 -32.000	  6.908690e-01
 1.000000e+06	 -30.000	  6.400000e-01
 1.000000e+06	 -28.000	  5.892289e-01
 1.000000e+06	 -26.000	  5.370766e-01
 1.000000e+06	 -24.000	  4.820719e-01
 1.000000e+06	 -22.000	  4.244194e-01
 1.000000e+06	 -20.000	  3.660000e-01
 1.000000e+06	 -18.000	  3.082954e-01
 1.000000e+06	 -16.000	  2.509000e-01
 1.000000e+06	 -14.000	  1.933000e-01
 1.000000e+06	 -12.000	  1.357000e-01
 1.000000e+06	 -10.000	  7.810000e-02
 1.000000e+06	  -8.000	  2.050000e-02
 1.000000e+06	  -6.000	  1.540000e-02
 1.000000e+06	  -4.000	  1.120000e-02
 1.000000e+06	  -2.000	  1.000000e-02
 1.000000e+06	   0.000	  5.705520e-03
 1.000000e+06	   2.000	  6.365380e-03
 1.000000e+06	   4.000	  7.335850e-03
 1.000000e+06	   6.000	  9.672940e-03
 1.000000e+06	   8.000	  1.143360e-02
 1.000000e+06	  10.000	  1.663890e-02
 1.000000e+06	  12.000	  2.738460e-02
 1.000000e+06	  14.000	  5.034880e-02
 1.000000e+06	  16.000	  9.416060e-02
 1.000000e+06	  18.000	  2.423000e-01
 1.000000e+06	  20.000	  3.084000e-01
 1.000000e+06	  22.000	  3.789788e-01
 1.000000e+06	  24.000	  4.483149e-01
 1.000000e+06	  26.000	  5.214522e-01
 1.000000e+06	  28.000	  5.955733e-01
 1.000000e+06	  30.000	  6.600000e-01
 1.000000e+06	  32.000	  7.073069e-01
 1.000000e+06	  34.000	  7.444467e-01
 1.000000e+06	  36.000	  7.816841e-01
 1.000000e+06	  38.000	  8.227817e-01
 1.000000e+06	  40.000	  8.650000e-01
 1.000000e+06	  42.000	  9.060773e-01
 1.000000e+06	  44.000	  9.467946e-01
 1.000000e+06	  46.000	  9.885958e-01
 1.000000e+06	  48.000	  1.030680e+00
 1.000000e+06	  50.000	  1.070000e+00
 1.000000e+06	  52.000	  1.104198e+00
 1.000000e+06	  54.000	  1.134058e+00
 1.000000e+06	  56.000	  1.161149e+00
 1.000000e+06	  58.000	  1.187040e+00
 1.000000e+06	  60.000	  1.213300e+00
 1.000000e+06	  62.000	  1.241138e+00
 1.000000e+06	  64.000	  1.270319e+00
 1.000000e+06	  66.000	  1.300251e+00
 1.000000e+06	  68.000	  1.330339e+00
 1.000000e+06	  70.000	  1.359989e+00
 1.000000e+06	  72.000	  1.388607e+00
 1.000000e+06	  74.000	  1.415599e+00
 1.000000e+06	  76.000	  1.440382e+00
 1.000000e+06	  78.000	  1.462609e+00
 1.000000e+06	  80.000	  1.482174e+00
 1.000000e+06	  82.000	  1.498979e+00
 1.000000e+06	  84.000	  1.512927e+00
 1.000000e+06	  86.000	  1.523921e+00
 1.000000e+06	  88.000	  1.531863e+00
 1.000000e+06	  90.000	  1.536657e+00
 1.000000e+06	  92.000	  1.538206e+00
 1.000000e+06	  94.000	  1.536411e+00
 1.000000e+06	  96.000	  1.531177e+00
 1.000000e+06	  98.000	  1.522406e+00
 1.000000e+06	 100.000	  1.510000e+00
 1.000000e+06	 102.000	  1.493933e+00
 1.000000e+06	 104.000	  1.474456e+00
 1.000000e+06	 106.000	  1.451890e+00
 1.000000e+06	 108.000	  1.426559e+00
 1.000000e+06	 110.000	  1.398782e+00
 1.000000e+06	 112.000	  1.368883e+00
 1.000000e+06	 114.000	  1.337182e+00
 1.000000e+06	 116.000	  1.304001e+00
 1.000000e+06	 118.000	  1.269662e+00
 1.000000e+06	 120.000	  1.234487e+00
 1.000000e+06	 122.000	  1.198797e+00
 1.000000e+06	 124.000	  1.162914e+00
 1.000000e+06	 126.000	  1.127146e+00
 1.000000e+06	 128.000	  1.091517e+00
 1.000000e+06	 130.000	  1.055760e+00
 1.000000e+06	 132.000	  1.019597e+00
 1.000000e+06	 134.000	  9.827504e-01
 1.000000e+06	 136.000	  9.449421e-01
 1.000000e+06	 138.000	  9.058939e-01
 1.000000e+06	 140.000	  8.653280e-01
 1.000000e+06	 142.000	  8.229662e-01
 1.000000e+06	 144.000	  7.785305e-01
 1.000000e+06	 146.000	  7.317430e-01
 1.000000e+06	 148.000	  6.823255e-01
 1.000000e+06	 150.000	  6.300000e-01
 1.000000e+06	 152.000	  5.747236e-01
 1.000000e+06	 154.000	  5.173933e-01
 1.000000e+06	 156.000	  4.591412e-01
 1.000000e+06	 158.000	  4.010994e-01
 1.000000e+06	 160.000	  3.444000e-01
 1.000000e+06	 162.000	  2.900898e-01
 1.000000e+06	 164.000	  2.388744e-01
 1.000000e+06	 166.000	  1.913741e-01
 1.000000e+06	 168.000	  1.482092e-01
 1.000000e+06	 170.000	  1.100000e-01
 1.000000e+06	 172.000	  7.736680e-02
 1.000000e+06	 174.000	  5.092989e-02
 1.000000e+06	 176.000	  3.130959e-02
 1.000000e+06	 178.000	  1.912619e-02
 1.000000e+06	 180.000	  1.500000e-02
-------------------------------------------------------------------
-
-   Pitching moment coefficient - low angle table
- +xxx.xxx..+xxx.xxx..+x.xxxxxxe+xx   2x, f8.3, 2x, f8.3, 2x, d13.6
-------------------------------------------------------------------
   2    33      -- n of Mach points and n of alpha points
 0.000000e+00	 -32.000	  1.947414e-01
 0.000000e+00	 -30.000	  1.800000e-01
 0.000000e+00	 -28.000	  1.683380e-01
 0.000000e+00	 -26.000	  1.582846e-01
 0.000000e+00	 -24.000	  1.478025e-01
 0.000000e+00	 -22.000	  1.366538e-01
 0.000000e+00	 -20.000	  1.264000e-01
 0.000000e+00	 -18.000	  1.174137e-01
 0.000000e+00	 -16.000	  1.050000e-01
 0.000000e+00	 -14.000	  8.620000e-02
 0.000000e+00	 -12.000	  6.750000e-02
 0.000000e+00	 -10.000	  4.880000e-02
 0.000000e+00	  -8.000	  3.000000e-02
 0.000000e+00	  -6.000	  1.120000e-02
 0.000000e+00	  -4.000	 -7.500000e-03
 0.000000e+00	  -2.000	 -6.900000e-03
 0.000000e+00	   0.000	 -2.121590e-02
 0.000000e+00	   2.000	 -2.961120e-02
 0.000000e+00	   4.000	 -3.174700e-02
 0.000000e+00	   6.000	 -2.677820e-02
 0.000000e+00	   8.000	 -7.922760e-03
 0.000000e+00	  10.000	 -4.809720e-03
 0.000000e+00	  12.000	  1.886030e-03
 0.000000e+00	  14.000	  2.461380e-03
 0.000000e+00	  16.000	 -1.261800e-02
 0.000000e+00	  18.000	 -8.470000e-02
 0.000000e+00	  20.000	 -1.100000e-01
 0.000000e+00	  22.000	 -1.374930e-01
 0.000000e+00	  24.000	 -1.637035e-01
 0.000000e+00	  26.000	 -1.845518e-01
 0.000000e+00	  28.000	 -1.998496e-01
 0.000000e+00	  30.000	 -2.133000e-01
 0.000000e+00	  32.000	 -2.279718e-01
 1.000000e+06	 -32.000	  1.947414e-01
 1.000000e+06	 -30.000	  1.800000e-01
 1.000000e+06	 -28.000	  1.683380e-01
 1.000000e+06	 -26.000	  1.582846e-01
 1.000000e+06	 -24.000	  1.478025e-01
 1.000000e+06	 -22.000	  1.366538e-01
 1.000000e+06	 -20.000	  1.264000e-01
 1.000000e+06	 -18.000	  1.174137e-01
 1.000000e+06	 -16.000	  1.050000e-01
 1.000000e+06	 -14.000	  8.620000e-02
 1.000000e+06	 -12.000	  6.750000e-02
 1.000000e+06	 -10.000	  4.880000e-02
 1.000000e+06	  -8.000	  3.000000e-02
 1.000000e+06	  -6.000	  1.120000e-02
 1.000000e+06	  -4.000	 -7.500000e-03
 1.000000e+06	  -2.000	 -6.900000e-03
 1.000000e+06	   0.000	 -2.121590e-02
 1.000000e+06	   2.000	 -2.961120e-02
 1.000000e+06	   4.000	 -3.174700e-02
 1.000000e+06	   6.000	 -2.677820e-02
 1.000000e+06	   8.000	 -7.922760e-03
 1.000000e+06	  10.000	 -4.809720e-03
 1.000000e+06	  12.000	  1.886030e-03
 1.000000e+06	  14.000	  2.461380e-03
 1.000000e+06	  16.000	 -1.261800e-02
 1.000000e+06	  18.000	 -8.470000e-02
 1.000000e+06	  20.000	 -1.100000e-01
 1.000000e+06	  22.000	 -1.374930e-01
 1.000000e+06	  24.000	 -1.637035e-01
 1.000000e+06	  26.000	 -1.845518e-01
 1.000000e+06	  28.000	 -1.998496e-01
 1.000000e+06	  30.000	 -2.133000e-01
 1.000000e+06	  32.000	 -2.279718e-01
-------------------------------------------------------------------
-
-   Pitching moment coefficient - high angle table
- +xxx.xxx..+xxx.xxx..+x.xxxxxxe+xx   2x, f8.3, 2x, f8.3, 2x, d13.6
-------------------------------------------------------------------
   1    181      -- n of Mach points and n of alpha points
 1.000000e+06	-180.000	 -4.000000e-02
 1.000000e+06	-178.000	  8.915295e-02
 1.000000e+06	-176.000	  1.902706e-01
 1.000000e+06	-174.000	  2.668118e-01
 1.000000e+06	-172.000	  3.222353e-01
 1.000000e+06	-170.000	  3.600000e-01
 1.000000e+06	-168.000	  3.835647e-01
 1.000000e+06	-166.000	  3.963882e-01
 1.000000e+06	-164.000	  4.019294e-01
 1.000000e+06	-162.000	  4.036470e-01
 1.000000e+06	-160.000	  4.050000e-01
 1.000000e+06	-158.000	  4.087883e-01
 1.000000e+06	-156.000	  4.151765e-01
 1.000000e+06	-154.000	  4.236706e-01
 1.000000e+06	-152.000	  4.337765e-01
 1.000000e+06	-150.000	  4.450000e-01
 1.000000e+06	-148.000	  4.569009e-01
 1.000000e+06	-146.000	  4.692543e-01
 1.000000e+06	-144.000	  4.818895e-01
 1.000000e+06	-142.000	  4.946354e-01
 1.000000e+06	-140.000	  5.073213e-01
 1.000000e+06	-138.000	  5.197762e-01
 1.000000e+06	-136.000	  5.318292e-01
 1.000000e+06	-134.000	  5.433094e-01
 1.000000e+06	-132.000	  5.540459e-01
 1.000000e+06	-130.000	  5.638679e-01
 1.000000e+06	-128.000	  5.726044e-01
 1.000000e+06	-126.000	  5.800845e-01
 1.000000e+06	-124.000	  5.861428e-01
 1.000000e+06	-122.000	  5.907385e-01
 1.000000e+06	-120.000	  5.939558e-01
 1.000000e+06	-118.000	  5.958841e-01
 1.000000e+06	-116.000	  5.966129e-01
 1.000000e+06	-114.000	  5.962316e-01
 1.000000e+06	-112.000	  5.948299e-01
 1.000000e+06	-110.000	  5.924971e-01
 1.000000e+06	-108.000	  5.893228e-01
 1.000000e+06	-106.000	  5.853965e-01
 1.000000e+06	-104.000	  5.808076e-01
 1.000000e+06	-102.000	  5.756456e-01
 1.000000e+06	-100.000	  5.700000e-01
 1.000000e+06	 -98.000	  5.639500e-01
 1.000000e+06	 -96.000	  5.575337e-01
 1.000000e+06	 -94.000	  5.507785e-01
 1.000000e+06	 -92.000	  5.437123e-01
 1.000000e+06	 -90.000	  5.363627e-01
 1.000000e+06	 -88.000	  5.287573e-01
 1.000000e+06	 -86.000	  5.209239e-01
 1.000000e+06	 -84.000	  5.128901e-01
 1.000000e+06	 -82.000	  5.046836e-01
 1.000000e+06	 -80.000	  4.963320e-01
 1.000000e+06	 -78.000	  4.878630e-01
 1.000000e+06	 -76.000	  4.793043e-01
 1.000000e+06	 -74.000	  4.706804e-01
 1.000000e+06	 -72.000	  4.619411e-01
 1.000000e+06	 -70.000	  4.529621e-01
 1.000000e+06	 -68.000	  4.436156e-01
 1.000000e+06	 -66.000	  4.337738e-01
 1.000000e+06	 -64.000	  4.233091e-01
 1.000000e+06	 -62.000	  4.120937e-01
 1.000000e+06	 -60.000	  4.000000e-01
 1.000000e+06	 -58.000	  3.869651e-01
 1.000000e+06	 -56.000	  3.731858e-01
 1.000000e+06	 -54.000	  3.589240e-01
 1.000000e+06	 -52.000	  3.444415e-01
 1.000000e+06	 -50.000	  3.300000e-01
 1.000000e+06	 -48.000	  3.158105e-01
 1.000000e+06	 -46.000	  3.018809e-01
 1.000000e+06	 -44.000	  2.881582e-01
 1.000000e+06	 -42.000	  2.743652e-01
 1.000000e+06	 -40.000	  2.600000e-01
 1.000000e+06	 -38.000	  2.446645e-01
 1.000000e+06	 -36.000	  2.284148e-01
 1.000000e+06	 -34.000	  2.114532e-01
 1.000000e+06	 -32.000	  1.947414e-01
 1.000000e+06	 -30.000	  1.800000e-01
 1.000000e+06	 -28.000	  1.683380e-01
 1.000000e+06	 -26.000	  1.582846e-01
 1.000000e+06	 -24.000	  1.478025e-01
 1.000000e+06	 -22.000	  1.366538e-01
 1.000000e+06	 -20.000	  1.264000e-01
 1.000000e+06	 -18.000	  1.174137e-01
 1.000000e+06	 -16.000	  1.050000e-01
 1.000000e+06	 -14.000	  8.620000e-02
 1.000000e+06	 -12.000	  6.750000e-02
 1.000000e+06	 -10.000	  4.880000e-02
 1.000000e+06	  -8.000	  3.000000e-02
 1.000000e+06	  -6.000	  1.120000e-02
 1.000000e+06	  -4.000	 -7.500000e-03
 1.000000e+06	  -2.000	 -6.900000e-03
 1.000000e+06	   0.000	 -2.121590e-02
 1.000000e+06	   2.000	 -2.961120e-02
 1.000000e+06	   4.000	 -3.174700e-02
 1.000000e+06	   6.000	 -2.677820e-02
 1.000000e+06	   8.000	 -7.922760e-03
 1.000000e+06	  10.000	 -4.809720e-03
 1.000000e+06	  12.000	  1.886030e-03
 1.000000e+06	  14.000	  2.461380e-03
 1.000000e+06	  16.000	 -1.261800e-02
 1.000000e+06	  18.000	 -8.470000e-02
 1.000000e+06	  20.000	 -1.100000e-01
 1.000000e+06	  22.000	 -1.374930e-01
 1.000000e+06	  24.000	 -1.637035e-01
 1.000000e+06	  26.000	 -1.845518e-01
 1.000000e+06	  28.000	 -1.998496e-01
 1.000000e+06	  30.000	 -2.133000e-01
 1.000000e+06	  32.000	 -2.279718e-01
 1.000000e+06	  34.000	 -2.437194e-01
 1.000000e+06	  36.000	 -2.596103e-01
 1.000000e+06	  38.000	 -2.750936e-01
 1.000000e+06	  40.000	 -2.900000e-01
 1.000000e+06	  42.000	 -3.042573e-01
 1.000000e+06	  44.000	 -3.181163e-01
 1.000000e+06	  46.000	 -3.319035e-01
 1.000000e+06	  48.000	 -3.458317e-01
 1.000000e+06	  50.000	 -3.600000e-01
 1.000000e+06	  52.000	 -3.744407e-01
 1.000000e+06	  54.000	 -3.889384e-01
 1.000000e+06	  56.000	 -4.032157e-01
 1.000000e+06	  58.000	 -4.169954e-01
 1.000000e+06	  60.000	 -4.300000e-01
 1.000000e+06	  62.000	 -4.420237e-01
 1.000000e+06	  64.000	 -4.531468e-01
 1.000000e+06	  66.000	 -4.635207e-01
 1.000000e+06	  68.000	 -4.732973e-01
 1.000000e+06	  70.000	 -4.826281e-01
 1.000000e+06	  72.000	 -4.916647e-01
 1.000000e+06	  74.000	 -5.005589e-01
 1.000000e+06	  76.000	 -5.094577e-01
 1.000000e+06	  78.000	 -5.184017e-01
 1.000000e+06	  80.000	 -5.273255e-01
 1.000000e+06	  82.000	 -5.361587e-01
 1.000000e+06	  84.000	 -5.448312e-01
 1.000000e+06	  86.000	 -5.532727e-01
 1.000000e+06	  88.000	 -5.614131e-01
 1.000000e+06	  90.000	 -5.691822e-01
 1.000000e+06	  92.000	 -5.765097e-01
 1.000000e+06	  94.000	 -5.833254e-01
 1.000000e+06	  96.000	 -5.895592e-01
 1.000000e+06	  98.000	 -5.951408e-01
 1.000000e+06	 100.000	 -6.000000e-01
 1.000000e+06	 102.000	 -6.040814e-01
 1.000000e+06	 104.000	 -6.073885e-01
 1.000000e+06	 106.000	 -6.099399e-01
 1.000000e+06	 108.000	 -6.117539e-01
 1.000000e+06	 110.000	 -6.128488e-01
 1.000000e+06	 112.000	 -6.132432e-01
 1.000000e+06	 114.000	 -6.129553e-01
 1.000000e+06	 116.000	 -6.120037e-01
 1.000000e+06	 118.000	 -6.104066e-01
 1.000000e+06	 120.000	 -6.081826e-01
 1.000000e+06	 122.000	 -6.053499e-01
 1.000000e+06	 124.000	 -6.019270e-01
 1.000000e+06	 126.000	 -5.979311e-01
 1.000000e+06	 128.000	 -5.933504e-01
 1.000000e+06	 130.000	 -5.881444e-01
 1.000000e+06	 132.000	 -5.822713e-01
 1.000000e+06	 134.000	 -5.756894e-01
 1.000000e+06	 136.000	 -5.683568e-01
 1.000000e+06	 138.000	 -5.602317e-01
 1.000000e+06	 140.000	 -5.512724e-01
 1.000000e+06	 142.000	 -5.414371e-01
 1.000000e+06	 144.000	 -5.306840e-01
 1.000000e+06	 146.000	 -5.189713e-01
 1.000000e+06	 148.000	 -5.062573e-01
 1.000000e+06	 150.000	 -4.925000e-01
 1.000000e+06	 152.000	 -4.778450e-01
 1.000000e+06	 154.000	 -4.631862e-01
 1.000000e+06	 156.000	 -4.496050e-01
 1.000000e+06	 158.000	 -4.381825e-01
 1.000000e+06	 160.000	 -4.300000e-01
 1.000000e+06	 162.000	 -4.254145e-01
 1.000000e+06	 164.000	 -4.218860e-01
 1.000000e+06	 166.000	 -4.161503e-01
 1.000000e+06	 168.000	 -4.049430e-01
 1.000000e+06	 170.000	 -3.850000e-01
 1.000000e+06	 172.000	 -3.530570e-01
 1.000000e+06	 174.000	 -3.058497e-01
 1.000000e+06	 176.000	 -2.401140e-01
 1.000000e+06	 178.000	 -1.525855e-01
 1.000000e+06	 180.000	 -4.000000e-02
