SC1095: 2D CFD runs
4 31    :nMach nAoA
==============================
-- Lift coefficient
==============================
0.00  -10.0000000  -1.0697190e+00 
0.00   -9.0000000  -9.6848780e-01 
0.00   -8.0000000  -8.5744070e-01 
0.00   -7.0000000  -7.4323410e-01 
0.00   -6.0000000  -6.2711330e-01 
0.00   -5.0000000  -5.0964660e-01 
0.00   -4.0000000  -3.9118380e-01 
0.00   -3.0000000  -2.7207760e-01 
0.00   -2.0000000  -1.5266550e-01 
0.00   -1.0000000  -3.2966990e-02 
0.00    0.0000000   8.6882930e-02 
0.00    1.0000000   2.0664280e-01 
0.00    2.0000000   3.2616310e-01 
0.00    3.0000000   4.4525130e-01 
0.00    4.0000000   5.6376830e-01 
0.00    5.0000000   6.8136850e-01 
0.00    6.0000000   7.9782050e-01 
0.00    7.0000000   9.1277610e-01 
0.00    8.0000000   1.0258150e+00 
0.00    9.0000000   1.1360840e+00 
0.00   10.0000000   1.2423970e+00 
0.00   11.0000000   1.3422600e+00 
0.00   12.0000000   1.4245260e+00 
0.00   13.0000000   1.4624100e+00 
0.00   14.0000000   1.4377400e+00 
0.00   15.0000000   1.3333130e+00 
0.00   16.0000000   1.1941480e+00 
0.00   17.0000000   9.8324280e-01 
0.00   18.0000000   9.3557880e-01 
0.00   19.0000000   9.2119400e-01 
0.00   20.0000000   9.1864900e-01 
0.30  -10.0000000  -1.0697190e+00 
0.30   -9.0000000  -9.6848780e-01 
0.30   -8.0000000  -8.5744070e-01 
0.30   -7.0000000  -7.4323410e-01 
0.30   -6.0000000  -6.2711330e-01 
0.30   -5.0000000  -5.0964660e-01 
0.30   -4.0000000  -3.9118380e-01 
0.30   -3.0000000  -2.7207760e-01 
0.30   -2.0000000  -1.5266550e-01 
0.30   -1.0000000  -3.2966990e-02 
0.30    0.0000000   8.6882930e-02 
0.30    1.0000000   2.0664280e-01 
0.30    2.0000000   3.2616310e-01 
0.30    3.0000000   4.4525130e-01 
0.30    4.0000000   5.6376830e-01 
0.30    5.0000000   6.8136850e-01 
0.30    6.0000000   7.9782050e-01 
0.30    7.0000000   9.1277610e-01 
0.30    8.0000000   1.0258150e+00 
0.30    9.0000000   1.1360840e+00 
0.30   10.0000000   1.2423970e+00 
0.30   11.0000000   1.3422600e+00 
0.30   12.0000000   1.4245260e+00 
0.30   13.0000000   1.4624100e+00 
0.30   14.0000000   1.4377400e+00 
0.30   15.0000000   1.3333130e+00 
0.30   16.0000000   1.1941480e+00 
0.30   17.0000000   9.8324280e-01 
0.30   18.0000000   9.3557880e-01 
0.30   19.0000000   9.2119400e-01 
0.30   20.0000000   9.1864900e-01 
0.40  -10.0000000  -1.0178100e+00 
0.40   -9.0000000  -9.9891770e-01 
0.40   -8.0000000  -8.9586100e-01 
0.40   -7.0000000  -7.7901840e-01 
0.40   -6.0000000  -6.5742950e-01 
0.40   -5.0000000  -5.3389830e-01 
0.40   -4.0000000  -4.0954180e-01 
0.40   -3.0000000  -2.8469420e-01 
0.40   -2.0000000  -1.5960950e-01 
0.40   -1.0000000  -3.4396300e-02 
0.40    0.0000000   9.0939630e-02 
0.40    1.0000000   2.1620880e-01 
0.40    2.0000000   3.4129800e-01 
0.40    3.0000000   4.6601500e-01 
0.40    4.0000000   5.9021890e-01 
0.40    5.0000000   7.1367470e-01 
0.40    6.0000000   8.3613760e-01 
0.40    7.0000000   9.5725150e-01 
0.40    8.0000000   1.0761850e+00 
0.40    9.0000000   1.1898830e+00 
0.40   10.0000000   1.2860080e+00 
0.40   11.0000000   1.3838590e+00 
0.40   12.0000000   1.3785350e+00 
0.40   13.0000000   1.3228850e+00 
0.40   14.0000000   1.2456370e+00 
0.40   15.0000000   1.0343510e+00 
0.40   16.0000000   9.4798950e-01 
0.40   17.0000000   9.2074280e-01 
0.40   18.0000000   9.1429560e-01 
0.40   19.0000000   9.1633710e-01 
0.40   20.0000000   9.2110840e-01 
0.50  -10.0000000  -7.7198500e-01 
0.50   -9.0000000  -8.0774060e-01 
0.50   -8.0000000  -8.3377830e-01 
0.50   -7.0000000  -7.9193950e-01 
0.50   -6.0000000  -6.9736100e-01 
0.50   -5.0000000  -5.7173310e-01 
0.50   -4.0000000  -4.3806550e-01 
0.50   -3.0000000  -3.0410550e-01 
0.50   -2.0000000  -1.7019970e-01 
0.50   -1.0000000  -3.6432020e-02 
0.50    0.0000000   9.7209410e-02 
0.50    1.0000000   2.3085340e-01 
0.50    2.0000000   3.6447210e-01 
0.50    3.0000000   4.9801340e-01 
0.50    4.0000000   6.3144470e-01 
0.50    5.0000000   7.6465630e-01 
0.50    6.0000000   8.8942280e-01 
0.50    7.0000000   9.8972730e-01 
0.50    8.0000000   1.0511820e+00 
0.50    9.0000000   1.0540760e+00 
0.50   10.0000000   1.0023360e+00 
0.50   11.0000000   9.5112540e-01 
0.50   12.0000000   9.1831890e-01 
0.50   13.0000000   9.1160200e-01 
0.50   14.0000000   9.2844190e-01 
0.50   15.0000000   9.2905670e-01 
0.50   16.0000000   9.2157970e-01 
0.50   17.0000000   8.9981320e-01 
0.50   18.0000000   8.9490210e-01 
0.50   19.0000000   8.9309890e-01 
0.50   20.0000000   8.9670240e-01 
==============================
-- Drag coefficient
==============================
0.00  -10.0000000   1.7992750e-02 
0.00   -9.0000000   1.5011510e-02 
0.00   -8.0000000   1.3435160e-02 
0.00   -7.0000000   1.2312030e-02 
0.00   -6.0000000   1.1461290e-02 
0.00   -5.0000000   1.0813430e-02 
0.00   -4.0000000   1.0334030e-02 
0.00   -3.0000000   1.0000070e-02 
0.00   -2.0000000   9.7851040e-03 
0.00   -1.0000000   9.6769050e-03 
0.00    0.0000000   9.6637650e-03 
0.00    1.0000000   9.7465840e-03 
0.00    2.0000000   9.9313400e-03 
0.00    3.0000000   1.0217420e-02 
0.00    4.0000000   1.0615140e-02 
0.00    5.0000000   1.1136600e-02 
0.00    6.0000000   1.1804840e-02 
0.00    7.0000000   1.2646660e-02 
0.00    8.0000000   1.3693600e-02 
0.00    9.0000000   1.5002340e-02 
0.00   10.0000000   1.6650730e-02 
0.00   11.0000000   1.8858130e-02 
0.00   12.0000000   2.2842190e-02 
0.00   13.0000000   3.1255240e-02 
0.00   14.0000000   4.6714890e-02 
0.00   15.0000000   7.2774730e-02 
0.00   16.0000000   1.1173950e-01 
0.00   17.0000000   1.7966600e-01 
0.00   18.0000000   2.1596080e-01 
0.00   19.0000000   2.4463410e-01 
0.00   20.0000000   2.7129820e-01 
0.30  -10.0000000   1.7992750e-02 
0.30   -9.0000000   1.5011510e-02 
0.30   -8.0000000   1.3435160e-02 
0.30   -7.0000000   1.2312030e-02 
0.30   -6.0000000   1.1461290e-02 
0.30   -5.0000000   1.0813430e-02 
0.30   -4.0000000   1.0334030e-02 
0.30   -3.0000000   1.0000070e-02 
0.30   -2.0000000   9.7851040e-03 
0.30   -1.0000000   9.6769050e-03 
0.30    0.0000000   9.6637650e-03 
0.30    1.0000000   9.7465840e-03 
0.30    2.0000000   9.9313400e-03 
0.30    3.0000000   1.0217420e-02 
0.30    4.0000000   1.0615140e-02 
0.30    5.0000000   1.1136600e-02 
0.30    6.0000000   1.1804840e-02 
0.30    7.0000000   1.2646660e-02 
0.30    8.0000000   1.3693600e-02 
0.30    9.0000000   1.5002340e-02 
0.30   10.0000000   1.6650730e-02 
0.30   11.0000000   1.8858130e-02 
0.30   12.0000000   2.2842190e-02 
0.30   13.0000000   3.1255240e-02 
0.30   14.0000000   4.6714890e-02 
0.30   15.0000000   7.2774730e-02 
0.30   16.0000000   1.1173950e-01 
0.30   17.0000000   1.7966600e-01 
0.30   18.0000000   2.1596080e-01 
0.30   19.0000000   2.4463410e-01 
0.30   20.0000000   2.7129820e-01 
0.40  -10.0000000   3.3551540e-02 
0.40   -9.0000000   1.7793640e-02 
0.40   -8.0000000   1.4021750e-02 
0.40   -7.0000000   1.2201890e-02 
0.40   -6.0000000   1.1141710e-02 
0.40   -5.0000000   1.0451630e-02 
0.40   -4.0000000   9.9503840e-03 
0.40   -3.0000000   9.6020460e-03 
0.40   -2.0000000   9.3808920e-03 
0.40   -1.0000000   9.2696510e-03 
0.40    0.0000000   9.2570320e-03 
0.40    1.0000000   9.3441710e-03 
0.40    2.0000000   9.5353130e-03 
0.40    3.0000000   9.8346370e-03 
0.40    4.0000000   1.0251220e-02 
0.40    5.0000000   1.0801860e-02 
0.40    6.0000000   1.1505430e-02 
0.40    7.0000000   1.2402270e-02 
0.40    8.0000000   1.3552050e-02 
0.40    9.0000000   1.5317770e-02 
0.40   10.0000000   1.8835020e-02 
0.40   11.0000000   2.2086240e-02 
0.40   12.0000000   3.5949140e-02 
0.40   13.0000000   5.5207490e-02 
0.40   14.0000000   8.0026100e-02 
0.40   15.0000000   1.3485240e-01 
0.40   16.0000000   1.7458880e-01 
0.40   17.0000000   2.0549420e-01 
0.40   18.0000000   2.3349330e-01 
0.40   19.0000000   2.6053310e-01 
0.40   20.0000000   2.8676740e-01 
0.50  -10.0000000   8.1935550e-02 
0.50   -9.0000000   5.7307800e-02 
0.50   -8.0000000   3.4179620e-02 
0.50   -7.0000000   2.0010950e-02 
0.50   -6.0000000   1.2665600e-02 
0.50   -5.0000000   1.0373470e-02 
0.50   -4.0000000   9.7301390e-03 
0.50   -3.0000000   9.3422710e-03 
0.50   -2.0000000   9.1000830e-03 
0.50   -1.0000000   8.9801810e-03 
0.50    0.0000000   8.9708880e-03 
0.50    1.0000000   9.0745470e-03 
0.50    2.0000000   9.2922920e-03 
0.50    3.0000000   9.6282870e-03 
0.50    4.0000000   1.0099630e-02 
0.50    5.0000000   1.0749510e-02 
0.50    6.0000000   1.2822280e-02 
0.50    7.0000000   1.8727940e-02 
0.50    8.0000000   2.8758660e-02 
0.50    9.0000000   4.3449960e-02 
0.50   10.0000000   6.3823740e-02 
0.50   11.0000000   8.7679630e-02 
0.50   12.0000000   1.1109450e-01 
0.50   13.0000000   1.3107000e-01 
0.50   14.0000000   1.4776160e-01 
0.50   15.0000000   1.6898990e-01 
0.50   16.0000000   1.9449370e-01 
0.50   17.0000000   2.2494800e-01 
0.50   18.0000000   2.5297570e-01 
0.50   19.0000000   2.8198670e-01 
0.50   20.0000000   3.1222070e-01 
==============================
-- Pitching moment coefficient
==============================
0.00  -10.0000000  -1.7581330e-02 
0.00   -9.0000000  -1.5762970e-02 
0.00   -8.0000000  -1.4620740e-02 
0.00   -7.0000000  -1.3856000e-02 
0.00   -6.0000000  -1.3391920e-02 
0.00   -5.0000000  -1.3173630e-02 
0.00   -4.0000000  -1.3154200e-02 
0.00   -3.0000000  -1.3282750e-02 
0.00   -2.0000000  -1.3506040e-02 
0.00   -1.0000000  -1.3808900e-02 
0.00    0.0000000  -1.4159630e-02 
0.00    1.0000000  -1.4513210e-02 
0.00    2.0000000  -1.4835550e-02 
0.00    3.0000000  -1.5082310e-02 
0.00    4.0000000  -1.5224820e-02 
0.00    5.0000000  -1.5198510e-02 
0.00    6.0000000  -1.4967870e-02 
0.00    7.0000000  -1.4481850e-02 
0.00    8.0000000  -1.3689650e-02 
0.00    9.0000000  -1.2506280e-02 
0.00   10.0000000  -1.0819200e-02 
0.00   11.0000000  -8.4686320e-03 
0.00   12.0000000  -4.9733880e-03 
0.00   13.0000000  -8.3538790e-04 
0.00   14.0000000  -2.6575970e-03 
0.00   15.0000000  -1.9317840e-02 
0.00   16.0000000  -4.8298510e-02 
0.00   17.0000000  -8.6810920e-02 
0.00   18.0000000  -1.0011350e-01 
0.00   19.0000000  -1.0857120e-01 
0.00   20.0000000  -1.1568310e-01 
0.30  -10.0000000  -1.7581330e-02 
0.30   -9.0000000  -1.5762970e-02 
0.30   -8.0000000  -1.4620740e-02 
0.30   -7.0000000  -1.3856000e-02 
0.30   -6.0000000  -1.3391920e-02 
0.30   -5.0000000  -1.3173630e-02 
0.30   -4.0000000  -1.3154200e-02 
0.30   -3.0000000  -1.3282750e-02 
0.30   -2.0000000  -1.3506040e-02 
0.30   -1.0000000  -1.3808900e-02 
0.30    0.0000000  -1.4159630e-02 
0.30    1.0000000  -1.4513210e-02 
0.30    2.0000000  -1.4835550e-02 
0.30    3.0000000  -1.5082310e-02 
0.30    4.0000000  -1.5224820e-02 
0.30    5.0000000  -1.5198510e-02 
0.30    6.0000000  -1.4967870e-02 
0.30    7.0000000  -1.4481850e-02 
0.30    8.0000000  -1.3689650e-02 
0.30    9.0000000  -1.2506280e-02 
0.30   10.0000000  -1.0819200e-02 
0.30   11.0000000  -8.4686320e-03 
0.30   12.0000000  -4.9733880e-03 
0.30   13.0000000  -8.3538790e-04 
0.30   14.0000000  -2.6575970e-03 
0.30   15.0000000  -1.9317840e-02 
0.30   16.0000000  -4.8298510e-02 
0.30   17.0000000  -8.6810920e-02 
0.30   18.0000000  -1.0011350e-01 
0.30   19.0000000  -1.0857120e-01 
0.30   20.0000000  -1.1568310e-01 
0.40  -10.0000000  -2.4176630e-02 
0.40   -9.0000000  -2.2620250e-02 
0.40   -8.0000000  -1.8886710e-02 
0.40   -7.0000000  -1.6684070e-02 
0.40   -6.0000000  -1.5327280e-02 
0.40   -5.0000000  -1.4544300e-02 
0.40   -4.0000000  -1.4162930e-02 
0.40   -3.0000000  -1.4076000e-02 
0.40   -2.0000000  -1.4184110e-02 
0.40   -1.0000000  -1.4419820e-02 
0.40    0.0000000  -1.4735330e-02 
0.40    1.0000000  -1.5052980e-02 
0.40    2.0000000  -1.5306000e-02 
0.40    3.0000000  -1.5416120e-02 
0.40    4.0000000  -1.5308890e-02 
0.40    5.0000000  -1.4899190e-02 
0.40    6.0000000  -1.4094100e-02 
0.40    7.0000000  -1.2780380e-02 
0.40    8.0000000  -1.0782230e-02 
0.40    9.0000000  -7.7678530e-03 
0.40   10.0000000  -2.8983340e-03 
0.40   11.0000000   2.7916260e-03 
0.40   12.0000000   7.7454360e-03 
0.40   13.0000000  -6.4580110e-04 
0.40   14.0000000  -2.0415200e-02 
0.40   15.0000000  -6.4176260e-02 
0.40   16.0000000  -8.4146790e-02 
0.40   17.0000000  -9.5997960e-02 
0.40   18.0000000  -1.0528030e-01 
0.40   19.0000000  -1.1337850e-01 
0.40   20.0000000  -1.2036860e-01 
0.50  -10.0000000   2.3805240e-02 
0.50   -9.0000000  -6.1719100e-03 
0.50   -8.0000000  -2.6966590e-02 
0.50   -7.0000000  -2.5764360e-02 
0.50   -6.0000000  -2.0968220e-02 
0.50   -5.0000000  -1.7668630e-02 
0.50   -4.0000000  -1.6171210e-02 
0.50   -3.0000000  -1.5489700e-02 
0.50   -2.0000000  -1.5297370e-02 
0.50   -1.0000000  -1.5388550e-02 
0.50    0.0000000  -1.5600080e-02 
0.50    1.0000000  -1.5807090e-02 
0.50    2.0000000  -1.5859810e-02 
0.50    3.0000000  -1.5594240e-02 
0.50    4.0000000  -1.4817140e-02 
0.50    5.0000000  -1.3246940e-02 
0.50    6.0000000  -9.8204570e-03 
0.50    7.0000000  -4.1492820e-03 
0.50    8.0000000   2.3231010e-03 
0.50    9.0000000   2.8583920e-03 
0.50   10.0000000  -1.2656350e-02 
0.50   11.0000000  -3.6144760e-02 
0.50   12.0000000  -5.4280730e-02 
0.50   13.0000000  -6.5015990e-02 
0.50   14.0000000  -7.1546380e-02 
0.50   15.0000000  -8.0302910e-02 
0.50   16.0000000  -9.0577000e-02 
0.50   17.0000000  -1.0177280e-01 
0.50   18.0000000  -1.1036120e-01 
0.50   19.0000000  -1.1824390e-01 
0.50   20.0000000  -1.2600610e-01 
