SC1095: 2D CFD runs
4 31    :nMach nAoA
==============================
-- Lift coefficient
==============================
0.00  -10.0000000  -1.0698740e+00 
0.00   -9.0000000  -9.6571630e-01 
0.00   -8.0000000  -8.5418730e-01 
0.00   -7.0000000  -7.3979050e-01 
0.00   -6.0000000  -6.2349620e-01 
0.00   -5.0000000  -5.0597490e-01 
0.00   -4.0000000  -3.8749250e-01 
0.00   -3.0000000  -2.6843620e-01 
0.00   -2.0000000  -1.4895350e-01 
0.00   -1.0000000  -2.9293740e-02 
0.00    0.0000000   9.0396310e-02 
0.00    1.0000000   2.1007140e-01 
0.00    2.0000000   3.2952260e-01 
0.00    3.0000000   4.4855280e-01 
0.00    4.0000000   5.6696060e-01 
0.00    5.0000000   6.8453610e-01 
0.00    6.0000000   8.0102980e-01 
0.00    7.0000000   9.1600740e-01 
0.00    8.0000000   1.0291100e+00 
0.00    9.0000000   1.1397240e+00 
0.00   10.0000000   1.2467690e+00 
0.00   11.0000000   1.3483270e+00 
0.00   12.0000000   1.4342610e+00 
0.00   13.0000000   1.4686270e+00 
0.00   14.0000000   1.4333910e+00 
0.00   15.0000000   1.3393560e+00 
0.00   16.0000000   1.2397840e+00 
0.00   17.0000000   1.1213830e+00 
0.00   18.0000000   1.0366830e+00 
0.00   19.0000000   9.9348470e-01 
0.00   20.0000000   9.6307520e-01 
0.30  -10.0000000  -1.0698740e+00 
0.30   -9.0000000  -9.6571630e-01 
0.30   -8.0000000  -8.5418730e-01 
0.30   -7.0000000  -7.3979050e-01 
0.30   -6.0000000  -6.2349620e-01 
0.30   -5.0000000  -5.0597490e-01 
0.30   -4.0000000  -3.8749250e-01 
0.30   -3.0000000  -2.6843620e-01 
0.30   -2.0000000  -1.4895350e-01 
0.30   -1.0000000  -2.9293740e-02 
0.30    0.0000000   9.0396310e-02 
0.30    1.0000000   2.1007140e-01 
0.30    2.0000000   3.2952260e-01 
0.30    3.0000000   4.4855280e-01 
0.30    4.0000000   5.6696060e-01 
0.30    5.0000000   6.8453610e-01 
0.30    6.0000000   8.0102980e-01 
0.30    7.0000000   9.1600740e-01 
0.30    8.0000000   1.0291100e+00 
0.30    9.0000000   1.1397240e+00 
0.30   10.0000000   1.2467690e+00 
0.30   11.0000000   1.3483270e+00 
0.30   12.0000000   1.4342610e+00 
0.30   13.0000000   1.4686270e+00 
0.30   14.0000000   1.4333910e+00 
0.30   15.0000000   1.3393560e+00 
0.30   16.0000000   1.2397840e+00 
0.30   17.0000000   1.1213830e+00 
0.30   18.0000000   1.0366830e+00 
0.30   19.0000000   9.9348470e-01 
0.30   20.0000000   9.6307520e-01 
0.40  -10.0000000  -7.9771540e-01 
0.40   -9.0000000  -9.1454040e-01 
0.40   -8.0000000  -8.7498730e-01 
0.40   -7.0000000  -7.7504440e-01 
0.40   -6.0000000  -6.5392530e-01 
0.40   -5.0000000  -5.3024250e-01 
0.40   -4.0000000  -4.0585570e-01 
0.40   -3.0000000  -2.8102170e-01 
0.40   -2.0000000  -1.5595150e-01 
0.40   -1.0000000  -3.0714310e-02 
0.40    0.0000000   9.4535130e-02 
0.40    1.0000000   2.1962540e-01 
0.40    2.0000000   3.4462390e-01 
0.40    3.0000000   4.6932660e-01 
0.40    4.0000000   5.9353260e-01 
0.40    5.0000000   7.1709360e-01 
0.40    6.0000000   8.3978150e-01 
0.40    7.0000000   9.6119120e-01 
0.40    8.0000000   1.0807530e+00 
0.40    9.0000000   1.1937960e+00 
0.40   10.0000000   1.2793620e+00 
0.40   11.0000000   1.3137320e+00 
0.40   12.0000000   1.2729620e+00 
0.40   13.0000000   1.1805870e+00 
0.40   14.0000000   1.0934890e+00 
0.40   15.0000000   1.0265230e+00 
0.40   16.0000000   9.9048970e-01 
0.40   17.0000000   9.6726770e-01 
0.40   18.0000000   9.5020540e-01 
0.40   19.0000000   9.4089380e-01 
0.40   20.0000000   9.3436710e-01 
0.50  -10.0000000  -6.9638330e-01 
0.50   -9.0000000  -7.2495820e-01 
0.50   -8.0000000  -7.6966480e-01 
0.50   -7.0000000  -7.7130690e-01 
0.50   -6.0000000  -6.8869720e-01 
0.50   -5.0000000  -5.6814800e-01 
0.50   -4.0000000  -4.3443900e-01 
0.50   -3.0000000  -3.0045880e-01 
0.50   -2.0000000  -1.6656890e-01 
0.50   -1.0000000  -3.2783340e-02 
0.50    0.0000000   1.0086980e-01 
0.50    1.0000000   2.3456820e-01 
0.50    2.0000000   3.6821090e-01 
0.50    3.0000000   5.0180090e-01 
0.50    4.0000000   6.3530500e-01 
0.50    5.0000000   7.6870130e-01 
0.50    6.0000000   9.0197430e-01 
0.50    7.0000000   1.0329010e+00 
0.50    8.0000000   1.1370420e+00 
0.50    9.0000000   1.1788930e+00 
0.50   10.0000000   1.1553110e+00 
0.50   11.0000000   1.0897110e+00 
0.50   12.0000000   1.0213510e+00 
0.50   13.0000000   9.6224280e-01 
0.50   14.0000000   9.2941310e-01 
0.50   15.0000000   9.0673510e-01 
0.50   16.0000000   8.9206470e-01 
0.50   17.0000000   8.8486990e-01 
0.50   18.0000000   8.8401570e-01 
0.50   19.0000000   8.8985540e-01 
0.50   20.0000000   8.9919680e-01 
==============================
-- Drag coefficient
==============================
0.00  -10.0000000   1.7372440e-02 
0.00   -9.0000000   1.4794130e-02 
0.00   -8.0000000   1.3270550e-02 
0.00   -7.0000000   1.2140670e-02 
0.00   -6.0000000   1.1281360e-02 
0.00   -5.0000000   1.0625310e-02 
0.00   -4.0000000   1.0135120e-02 
0.00   -3.0000000   9.7889360e-03 
0.00   -2.0000000   9.5669660e-03 
0.00   -1.0000000   9.4525510e-03 
0.00    0.0000000   9.4438190e-03 
0.00    1.0000000   9.5338140e-03 
0.00    2.0000000   9.7199060e-03 
0.00    3.0000000   1.0008230e-02 
0.00    4.0000000   1.0407370e-02 
0.00    5.0000000   1.0931810e-02 
0.00    6.0000000   1.1596450e-02 
0.00    7.0000000   1.2435400e-02 
0.00    8.0000000   1.3476640e-02 
0.00    9.0000000   1.4768370e-02 
0.00   10.0000000   1.6386740e-02 
0.00   11.0000000   1.8496570e-02 
0.00   12.0000000   2.2195890e-02 
0.00   13.0000000   3.1352590e-02 
0.00   14.0000000   4.8431350e-02 
0.00   15.0000000   7.3493660e-02 
0.00   16.0000000   1.0452150e-01 
0.00   17.0000000   1.4701990e-01 
0.00   18.0000000   1.8842380e-01 
0.00   19.0000000   2.2328470e-01 
0.00   20.0000000   2.5781520e-01 
0.30  -10.0000000   1.7372440e-02 
0.30   -9.0000000   1.4794130e-02 
0.30   -8.0000000   1.3270550e-02 
0.30   -7.0000000   1.2140670e-02 
0.30   -6.0000000   1.1281360e-02 
0.30   -5.0000000   1.0625310e-02 
0.30   -4.0000000   1.0135120e-02 
0.30   -3.0000000   9.7889360e-03 
0.30   -2.0000000   9.5669660e-03 
0.30   -1.0000000   9.4525510e-03 
0.30    0.0000000   9.4438190e-03 
0.30    1.0000000   9.5338140e-03 
0.30    2.0000000   9.7199060e-03 
0.30    3.0000000   1.0008230e-02 
0.30    4.0000000   1.0407370e-02 
0.30    5.0000000   1.0931810e-02 
0.30    6.0000000   1.1596450e-02 
0.30    7.0000000   1.2435400e-02 
0.30    8.0000000   1.3476640e-02 
0.30    9.0000000   1.4768370e-02 
0.30   10.0000000   1.6386740e-02 
0.30   11.0000000   1.8496570e-02 
0.30   12.0000000   2.2195890e-02 
0.30   13.0000000   3.1352590e-02 
0.30   14.0000000   4.8431350e-02 
0.30   15.0000000   7.3493660e-02 
0.30   16.0000000   1.0452150e-01 
0.30   17.0000000   1.4701990e-01 
0.30   18.0000000   1.8842380e-01 
0.30   19.0000000   2.2328470e-01 
0.30   20.0000000   2.5781520e-01 
0.40  -10.0000000   7.4478510e-02 
0.40   -9.0000000   3.1217890e-02 
0.40   -8.0000000   1.7048290e-02 
0.40   -7.0000000   1.2194890e-02 
0.40   -6.0000000   1.0958270e-02 
0.40   -5.0000000   1.0258420e-02 
0.40   -4.0000000   9.7504620e-03 
0.40   -3.0000000   9.3954800e-03 
0.40   -2.0000000   9.1693840e-03 
0.40   -1.0000000   9.0554750e-03 
0.40    0.0000000   9.0451730e-03 
0.40    1.0000000   9.1356220e-03 
0.40    2.0000000   9.3280340e-03 
0.40    3.0000000   9.6256270e-03 
0.40    4.0000000   1.0039550e-02 
0.40    5.0000000   1.0583570e-02 
0.40    6.0000000   1.1284140e-02 
0.40    7.0000000   1.2167360e-02 
0.40    8.0000000   1.3286890e-02 
0.40    9.0000000   1.5205660e-02 
0.40   10.0000000   2.0066860e-02 
0.40   11.0000000   3.0197970e-02 
0.40   12.0000000   4.7959740e-02 
0.40   13.0000000   7.5650640e-02 
0.40   14.0000000   1.0615930e-01 
0.40   15.0000000   1.3809150e-01 
0.40   16.0000000   1.6773580e-01 
0.40   17.0000000   1.9629370e-01 
0.40   18.0000000   2.2505320e-01 
0.40   19.0000000   2.5387380e-01 
0.40   20.0000000   2.8422610e-01 
0.50  -10.0000000   9.7892910e-02 
0.50   -9.0000000   7.3127240e-02 
0.50   -8.0000000   4.4967700e-02 
0.50   -7.0000000   2.3231520e-02 
0.50   -6.0000000   1.3444480e-02 
0.50   -5.0000000   1.0204870e-02 
0.50   -4.0000000   9.5328480e-03 
0.50   -3.0000000   9.1417450e-03 
0.50   -2.0000000   8.8989420e-03 
0.50   -1.0000000   8.7792430e-03 
0.50    0.0000000   8.7735910e-03 
0.50    1.0000000   8.8801920e-03 
0.50    2.0000000   9.0970360e-03 
0.50    3.0000000   9.4323440e-03 
0.50    4.0000000   9.8982850e-03 
0.50    5.0000000   1.0518520e-02 
0.50    6.0000000   1.1332860e-02 
0.50    7.0000000   1.2746990e-02 
0.50    8.0000000   1.8660660e-02 
0.50    9.0000000   3.1447700e-02 
0.50   10.0000000   4.8457080e-02 
0.50   11.0000000   6.9551580e-02 
0.50   12.0000000   9.5312770e-02 
0.50   13.0000000   1.2423280e-01 
0.50   14.0000000   1.5101570e-01 
0.50   15.0000000   1.7834600e-01 
0.50   16.0000000   2.0672930e-01 
0.50   17.0000000   2.3589750e-01 
0.50   18.0000000   2.6504390e-01 
0.50   19.0000000   2.9263110e-01 
0.50   20.0000000   3.2048750e-01 
==============================
-- Pitching moment coefficient
==============================
0.00  -10.0000000  -1.6294970e-02 
0.00   -9.0000000  -1.4665880e-02 
0.00   -8.0000000  -1.3575090e-02 
0.00   -7.0000000  -1.2842550e-02 
0.00   -6.0000000  -1.2396900e-02 
0.00   -5.0000000  -1.2182650e-02 
0.00   -4.0000000  -1.2161200e-02 
0.00   -3.0000000  -1.2280740e-02 
0.00   -2.0000000  -1.2515670e-02 
0.00   -1.0000000  -1.2816450e-02 
0.00    0.0000000  -1.3155390e-02 
0.00    1.0000000  -1.3512090e-02 
0.00    2.0000000  -1.3842120e-02 
0.00    3.0000000  -1.4105710e-02 
0.00    4.0000000  -1.4261490e-02 
0.00    5.0000000  -1.4271430e-02 
0.00    6.0000000  -1.4097090e-02 
0.00    7.0000000  -1.3678140e-02 
0.00    8.0000000  -1.2965770e-02 
0.00    9.0000000  -1.1902580e-02 
0.00   10.0000000  -1.0404710e-02 
0.00   11.0000000  -8.3608500e-03 
0.00   12.0000000  -5.4348460e-03 
0.00   13.0000000  -2.4927510e-03 
0.00   14.0000000  -8.0585370e-03 
0.00   15.0000000  -2.5482300e-02 
0.00   16.0000000  -4.6937310e-02 
0.00   17.0000000  -7.2323220e-02 
0.00   18.0000000  -9.1565020e-02 
0.00   19.0000000  -1.0415930e-01 
0.00   20.0000000  -1.1481040e-01 
0.30  -10.0000000  -1.6294970e-02 
0.30   -9.0000000  -1.4665880e-02 
0.30   -8.0000000  -1.3575090e-02 
0.30   -7.0000000  -1.2842550e-02 
0.30   -6.0000000  -1.2396900e-02 
0.30   -5.0000000  -1.2182650e-02 
0.30   -4.0000000  -1.2161200e-02 
0.30   -3.0000000  -1.2280740e-02 
0.30   -2.0000000  -1.2515670e-02 
0.30   -1.0000000  -1.2816450e-02 
0.30    0.0000000  -1.3155390e-02 
0.30    1.0000000  -1.3512090e-02 
0.30    2.0000000  -1.3842120e-02 
0.30    3.0000000  -1.4105710e-02 
0.30    4.0000000  -1.4261490e-02 
0.30    5.0000000  -1.4271430e-02 
0.30    6.0000000  -1.4097090e-02 
0.30    7.0000000  -1.3678140e-02 
0.30    8.0000000  -1.2965770e-02 
0.30    9.0000000  -1.1902580e-02 
0.30   10.0000000  -1.0404710e-02 
0.30   11.0000000  -8.3608500e-03 
0.30   12.0000000  -5.4348460e-03 
0.30   13.0000000  -2.4927510e-03 
0.30   14.0000000  -8.0585370e-03 
0.30   15.0000000  -2.5482300e-02 
0.30   16.0000000  -4.6937310e-02 
0.30   17.0000000  -7.2323220e-02 
0.30   18.0000000  -9.1565020e-02 
0.30   19.0000000  -1.0415930e-01 
0.30   20.0000000  -1.1481040e-01 
0.40  -10.0000000   2.2655380e-02 
0.40   -9.0000000  -1.8683780e-02 
0.40   -8.0000000  -1.8333260e-02 
0.40   -7.0000000  -1.5647620e-02 
0.40   -6.0000000  -1.4243460e-02 
0.40   -5.0000000  -1.3455050e-02 
0.40   -4.0000000  -1.3068570e-02 
0.40   -3.0000000  -1.2977760e-02 
0.40   -2.0000000  -1.3087800e-02 
0.40   -1.0000000  -1.3336420e-02 
0.40    0.0000000  -1.3651530e-02 
0.40    1.0000000  -1.3963340e-02 
0.40    2.0000000  -1.4231500e-02 
0.40    3.0000000  -1.4375960e-02 
0.40    4.0000000  -1.4320190e-02 
0.40    5.0000000  -1.3988490e-02 
0.40    6.0000000  -1.3295190e-02 
0.40    7.0000000  -1.2120910e-02 
0.40    8.0000000  -1.0324300e-02 
0.40    9.0000000  -7.4430400e-03 
0.40   10.0000000  -2.2553980e-03 
0.40   11.0000000   2.7281570e-03 
0.40   12.0000000  -3.9534890e-03 
0.40   13.0000000  -2.6998280e-02 
0.40   14.0000000  -5.0599650e-02 
0.40   15.0000000  -6.9667670e-02 
0.40   16.0000000  -8.4181560e-02 
0.40   17.0000000  -9.5513690e-02 
0.40   18.0000000  -1.0525410e-01 
0.40   19.0000000  -1.1407610e-01 
0.40   20.0000000  -1.2253430e-01 
0.50  -10.0000000   4.6163080e-02 
0.50   -9.0000000   2.1231980e-02 
0.50   -8.0000000  -1.3613630e-02 
0.50   -7.0000000  -2.3944420e-02 
0.50   -6.0000000  -1.9941430e-02 
0.50   -5.0000000  -1.6404670e-02 
0.50   -4.0000000  -1.4873440e-02 
0.50   -3.0000000  -1.4202380e-02 
0.50   -2.0000000  -1.4026400e-02 
0.50   -1.0000000  -1.4138800e-02 
0.50    0.0000000  -1.4379150e-02 
0.50    1.0000000  -1.4635780e-02 
0.50    2.0000000  -1.4749380e-02 
0.50    3.0000000  -1.4574050e-02 
0.50    4.0000000  -1.3934200e-02 
0.50    5.0000000  -1.2608640e-02 
0.50    6.0000000  -1.0267900e-02 
0.50    7.0000000  -6.1238070e-03 
0.50    8.0000000   7.6890780e-04 
0.50    9.0000000   6.3294220e-03 
0.50   10.0000000   2.7421080e-03 
0.50   11.0000000  -1.5336930e-02 
0.50   12.0000000  -3.9976220e-02 
0.50   13.0000000  -6.2354330e-02 
0.50   14.0000000  -7.6929430e-02 
0.50   15.0000000  -8.9080790e-02 
0.50   16.0000000  -1.0004680e-01 
0.50   17.0000000  -1.0978800e-01 
0.50   18.0000000  -1.1827050e-01 
0.50   19.0000000  -1.2525090e-01 
0.50   20.0000000  -1.3181860e-01 
