SC1095: 2D CFD runs
4 31    :nMach nAoA
==============================
-- Lift coefficient
==============================
0.00  -10.0000000  -1.0941723e+00 
0.00   -9.0000000  -9.6086925e-01 
0.00   -8.0000000  -8.5585157e-01 
0.00   -7.0000000  -7.4393810e-01 
0.00   -6.0000000  -6.2596333e-01 
0.00   -5.0000000  -5.1151690e-01 
0.00   -4.0000000  -3.9203115e-01 
0.00   -3.0000000  -2.7318406e-01 
0.00   -2.0000000  -1.5318986e-01 
0.00   -1.0000000  -3.4183940e-02 
0.00    0.0000000   8.5004083e-02 
0.00    1.0000000   2.0478060e-01 
0.00    2.0000000   3.2392705e-01 
0.00    3.0000000   4.4253062e-01 
0.00    4.0000000   5.6084566e-01 
0.00    5.0000000   6.7847987e-01 
0.00    6.0000000   7.9517896e-01 
0.00    7.0000000   9.1058246e-01 
0.00    8.0000000   1.0244132e+00 
0.00    9.0000000   1.1355809e+00 
0.00   10.0000000   1.2424789e+00 
0.00   11.0000000   1.3464554e+00 
0.00   12.0000000   1.4338088e+00 
0.00   13.0000000   1.4974143e+00 
0.00   14.0000000   1.4925329e+00 
0.00   15.0000000   1.3987856e+00 
0.00   16.0000000   1.2108081e+00 
0.00   17.0000000   1.0476759e+00 
0.00   18.0000000   1.0183471e+00 
0.00   19.0000000   9.8493409e-01 
0.00   20.0000000   9.6029453e-01 
0.30  -10.0000000  -1.0941723e+00 
0.30   -9.0000000  -9.6086925e-01 
0.30   -8.0000000  -8.5585157e-01 
0.30   -7.0000000  -7.4393810e-01 
0.30   -6.0000000  -6.2596333e-01 
0.30   -5.0000000  -5.1151690e-01 
0.30   -4.0000000  -3.9203115e-01 
0.30   -3.0000000  -2.7318406e-01 
0.30   -2.0000000  -1.5318986e-01 
0.30   -1.0000000  -3.4183940e-02 
0.30    0.0000000   8.5004083e-02 
0.30    1.0000000   2.0478060e-01 
0.30    2.0000000   3.2392705e-01 
0.30    3.0000000   4.4253062e-01 
0.30    4.0000000   5.6084566e-01 
0.30    5.0000000   6.7847987e-01 
0.30    6.0000000   7.9517896e-01 
0.30    7.0000000   9.1058246e-01 
0.30    8.0000000   1.0244132e+00 
0.30    9.0000000   1.1355809e+00 
0.30   10.0000000   1.2424789e+00 
0.30   11.0000000   1.3464554e+00 
0.30   12.0000000   1.4338088e+00 
0.30   13.0000000   1.4974143e+00 
0.30   14.0000000   1.4925329e+00 
0.30   15.0000000   1.3987856e+00 
0.30   16.0000000   1.2108081e+00 
0.30   17.0000000   1.0476759e+00 
0.30   18.0000000   1.0183471e+00 
0.30   19.0000000   9.8493409e-01 
0.30   20.0000000   9.6029453e-01 
0.40  -10.0000000  -9.1803306e-01 
0.40   -9.0000000  -9.3831973e-01 
0.40   -8.0000000  -8.8317850e-01 
0.40   -7.0000000  -7.7963961e-01 
0.40   -6.0000000  -6.5723897e-01 
0.40   -5.0000000  -5.3513468e-01 
0.40   -4.0000000  -4.1367232e-01 
0.40   -3.0000000  -2.8903467e-01 
0.40   -2.0000000  -1.6422722e-01 
0.40   -1.0000000  -3.9179733e-02 
0.40    0.0000000   8.5893321e-02 
0.40    1.0000000   2.1120340e-01 
0.40    2.0000000   3.3580058e-01 
0.40    3.0000000   4.5984205e-01 
0.40    4.0000000   5.8424612e-01 
0.40    5.0000000   7.0741047e-01 
0.40    6.0000000   8.3044699e-01 
0.40    7.0000000   9.5260192e-01 
0.40    8.0000000   1.0716958e+00 
0.40    9.0000000   1.1849226e+00 
0.40   10.0000000   1.2737723e+00 
0.40   11.0000000   1.3189826e+00 
0.40   12.0000000   1.2850720e+00 
0.40   13.0000000   1.2062900e+00 
0.40   14.0000000   1.0940889e+00 
0.40   15.0000000   1.0161952e+00 
0.40   16.0000000   9.6957486e-01 
0.40   17.0000000   9.6838060e-01 
0.40   18.0000000   9.5883789e-01 
0.40   19.0000000   9.4436739e-01 
0.40   20.0000000   9.3376448e-01 
0.50  -10.0000000  -7.3573898e-01 
0.50   -9.0000000  -7.8036157e-01 
0.50   -8.0000000  -8.2007088e-01 
0.50   -7.0000000  -7.9214644e-01 
0.50   -6.0000000  -7.0130656e-01 
0.50   -5.0000000  -5.7550112e-01 
0.50   -4.0000000  -4.4162339e-01 
0.50   -3.0000000  -3.0814317e-01 
0.50   -2.0000000  -1.7563208e-01 
0.50   -1.0000000  -4.1750323e-02 
0.50    0.0000000   9.1766645e-02 
0.50    1.0000000   2.2505344e-01 
0.50    2.0000000   3.5835178e-01 
0.50    3.0000000   4.9221989e-01 
0.50    4.0000000   6.2590440e-01 
0.50    5.0000000   7.5857867e-01 
0.50    6.0000000   8.9121450e-01 
0.50    7.0000000   1.0153966e+00 
0.50    8.0000000   1.1086499e+00 
0.50    9.0000000   1.1440721e+00 
0.50   10.0000000   1.1088908e+00 
0.50   11.0000000   1.0445748e+00 
0.50   12.0000000   9.9255249e-01 
0.50   13.0000000   9.5325149e-01 
0.50   14.0000000   9.2755218e-01 
0.50   15.0000000   9.0675472e-01 
0.50   16.0000000   8.9284819e-01 
0.50   17.0000000   8.8654738e-01 
0.50   18.0000000   8.8720956e-01 
0.50   19.0000000   8.9092764e-01 
0.50   20.0000000   9.0109612e-01 
==============================
-- Drag coefficient
==============================
0.00  -10.0000000   1.7730409e-02 
0.00   -9.0000000   1.4656943e-02 
0.00   -8.0000000   1.3338808e-02 
0.00   -7.0000000   1.1960357e-02 
0.00   -6.0000000   1.1318429e-02 
0.00   -5.0000000   1.0688626e-02 
0.00   -4.0000000   1.0182410e-02 
0.00   -3.0000000   9.8496908e-03 
0.00   -2.0000000   9.5197731e-03 
0.00   -1.0000000   9.1496907e-03 
0.00    0.0000000   9.4944913e-03 
0.00    1.0000000   9.5622593e-03 
0.00    2.0000000   9.7250795e-03 
0.00    3.0000000   9.9935253e-03 
0.00    4.0000000   1.0383915e-02 
0.00    5.0000000   1.0904382e-02 
0.00    6.0000000   1.1569685e-02 
0.00    7.0000000   1.2409027e-02 
0.00    8.0000000   1.3445160e-02 
0.00    9.0000000   1.4704438e-02 
0.00   10.0000000   1.6289852e-02 
0.00   11.0000000   1.8321951e-02 
0.00   12.0000000   2.1510381e-02 
0.00   13.0000000   2.8124387e-02 
0.00   14.0000000   4.1115310e-02 
0.00   15.0000000   6.4528961e-02 
0.00   16.0000000   1.0686639e-01 
0.00   17.0000000   1.6434711e-01 
0.00   18.0000000   1.7024583e-01 
0.00   19.0000000   2.1718314e-01 
0.00   20.0000000   2.4619307e-01 
0.30  -10.0000000   1.7730409e-02 
0.30   -9.0000000   1.4656943e-02 
0.30   -8.0000000   1.3338808e-02 
0.30   -7.0000000   1.1960357e-02 
0.30   -6.0000000   1.1318429e-02 
0.30   -5.0000000   1.0688626e-02 
0.30   -4.0000000   1.0182410e-02 
0.30   -3.0000000   9.8496908e-03 
0.30   -2.0000000   9.5197731e-03 
0.30   -1.0000000   9.1496907e-03 
0.30    0.0000000   9.4944913e-03 
0.30    1.0000000   9.5622593e-03 
0.30    2.0000000   9.7250795e-03 
0.30    3.0000000   9.9935253e-03 
0.30    4.0000000   1.0383915e-02 
0.30    5.0000000   1.0904382e-02 
0.30    6.0000000   1.1569685e-02 
0.30    7.0000000   1.2409027e-02 
0.30    8.0000000   1.3445160e-02 
0.30    9.0000000   1.4704438e-02 
0.30   10.0000000   1.6289852e-02 
0.30   11.0000000   1.8321951e-02 
0.30   12.0000000   2.1510381e-02 
0.30   13.0000000   2.8124387e-02 
0.30   14.0000000   4.1115310e-02 
0.30   15.0000000   6.4528961e-02 
0.30   16.0000000   1.0686639e-01 
0.30   17.0000000   1.6434711e-01 
0.30   18.0000000   1.7024583e-01 
0.30   19.0000000   2.1718314e-01 
0.30   20.0000000   2.4619307e-01 
0.40  -10.0000000   4.9009514e-02 
0.40   -9.0000000   2.4061528e-02 
0.40   -8.0000000   1.5174619e-02 
0.40   -7.0000000   1.2080810e-02 
0.40   -6.0000000   1.0898657e-02 
0.40   -5.0000000   1.0330287e-02 
0.40   -4.0000000   9.7593043e-03 
0.40   -3.0000000   9.3424088e-03 
0.40   -2.0000000   9.1054826e-03 
0.40   -1.0000000   8.6429067e-03 
0.40    0.0000000   9.1310895e-03 
0.40    1.0000000   9.1518131e-03 
0.40    2.0000000   9.3076888e-03 
0.40    3.0000000   9.5895529e-03 
0.40    4.0000000   9.9974822e-03 
0.40    5.0000000   1.0543406e-02 
0.40    6.0000000   1.1243649e-02 
0.40    7.0000000   1.2135823e-02 
0.40    8.0000000   1.3334713e-02 
0.40    9.0000000   1.5403090e-02 
0.40   10.0000000   1.9678136e-02 
0.40   11.0000000   2.8216137e-02 
0.40   12.0000000   4.4444332e-02 
0.40   13.0000000   7.0627930e-02 
0.40   14.0000000   1.1525558e-01 
0.40   15.0000000   1.5174037e-01 
0.40   16.0000000   1.8470175e-01 
0.40   17.0000000   1.7938296e-01 
0.40   18.0000000   2.2163493e-01 
0.40   19.0000000   2.5965878e-01 
0.40   20.0000000   2.8944670e-01 
0.50  -10.0000000   9.1743002e-02 
0.50   -9.0000000   6.3502121e-02 
0.50   -8.0000000   3.7108892e-02 
0.50   -7.0000000   2.0234330e-02 
0.50   -6.0000000   1.2707958e-02 
0.50   -5.0000000   1.0562532e-02 
0.50   -4.0000000   9.6776301e-03 
0.50   -3.0000000   9.1714300e-03 
0.50   -2.0000000   8.8781590e-03 
0.50   -1.0000000   8.6327192e-03 
0.50    0.0000000   8.8227586e-03 
0.50    1.0000000   8.8837618e-03 
0.50    2.0000000   9.0556082e-03 
0.50    3.0000000   9.3666332e-03 
0.50    4.0000000   9.8263429e-03 
0.50    5.0000000   1.0429462e-02 
0.50    6.0000000   1.1432680e-02 
0.50    7.0000000   1.3812552e-02 
0.50    8.0000000   2.0883463e-02 
0.50    9.0000000   3.5087710e-02 
0.50   10.0000000   5.4554540e-02 
0.50   11.0000000   7.8742974e-02 
0.50   12.0000000   1.0260386e-01 
0.50   13.0000000   1.2579700e-01 
0.50   14.0000000   1.5148673e-01 
0.50   15.0000000   1.7837744e-01 
0.50   16.0000000   2.0580815e-01 
0.50   17.0000000   2.3471146e-01 
0.50   18.0000000   2.6364913e-01 
0.50   19.0000000   2.9112840e-01 
0.50   20.0000000   3.1930822e-01 
==============================
-- Pitching moment coefficient
==============================
0.00  -10.0000000  -2.2003126e-02 
0.00   -9.0000000  -1.5881107e-02 
0.00   -8.0000000  -1.8188727e-02 
0.00   -7.0000000  -1.4558419e-02 
0.00   -6.0000000  -1.3640794e-02 
0.00   -5.0000000  -1.3146835e-02 
0.00   -4.0000000  -1.3244151e-02 
0.00   -3.0000000  -1.3120276e-02 
0.00   -2.0000000  -1.3205823e-02 
0.00   -1.0000000  -1.3290293e-02 
0.00    0.0000000  -1.3438870e-02 
0.00    1.0000000  -1.3543567e-02 
0.00    2.0000000  -1.3743027e-02 
0.00    3.0000000  -1.3760085e-02 
0.00    4.0000000  -1.3934501e-02 
0.00    5.0000000  -1.3758892e-02 
0.00    6.0000000  -1.3476325e-02 
0.00    7.0000000  -1.2790705e-02 
0.00    8.0000000  -1.1951308e-02 
0.00    9.0000000  -1.0813649e-02 
0.00   10.0000000  -9.1409570e-03 
0.00   11.0000000  -7.2397270e-03 
0.00   12.0000000  -5.0519530e-03 
0.00   13.0000000  -6.9325100e-04 
0.00   14.0000000  -2.8072960e-03 
0.00   15.0000000  -1.9025984e-02 
0.00   16.0000000  -5.3081038e-02 
0.00   17.0000000  -8.3747140e-02 
0.00   18.0000000  -9.5175698e-02 
0.00   19.0000000  -1.0685790e-01 
0.00   20.0000000  -1.1608587e-01 
0.30  -10.0000000  -2.2003126e-02 
0.30   -9.0000000  -1.5881107e-02 
0.30   -8.0000000  -1.8188727e-02 
0.30   -7.0000000  -1.4558419e-02 
0.30   -6.0000000  -1.3640794e-02 
0.30   -5.0000000  -1.3146835e-02 
0.30   -4.0000000  -1.3244151e-02 
0.30   -3.0000000  -1.3120276e-02 
0.30   -2.0000000  -1.3205823e-02 
0.30   -1.0000000  -1.3290293e-02 
0.30    0.0000000  -1.3438870e-02 
0.30    1.0000000  -1.3543567e-02 
0.30    2.0000000  -1.3743027e-02 
0.30    3.0000000  -1.3760085e-02 
0.30    4.0000000  -1.3934501e-02 
0.30    5.0000000  -1.3758892e-02 
0.30    6.0000000  -1.3476325e-02 
0.30    7.0000000  -1.2790705e-02 
0.30    8.0000000  -1.1951308e-02 
0.30    9.0000000  -1.0813649e-02 
0.30   10.0000000  -9.1409570e-03 
0.30   11.0000000  -7.2397270e-03 
0.30   12.0000000  -5.0519530e-03 
0.30   13.0000000  -6.9325100e-04 
0.30   14.0000000  -2.8072960e-03 
0.30   15.0000000  -1.9025984e-02 
0.30   16.0000000  -5.3081038e-02 
0.30   17.0000000  -8.3747140e-02 
0.30   18.0000000  -9.5175698e-02 
0.30   19.0000000  -1.0685790e-01 
0.30   20.0000000  -1.1608587e-01 
0.40  -10.0000000  -6.3086330e-03 
0.40   -9.0000000  -2.1294798e-02 
0.40   -8.0000000  -1.9965274e-02 
0.40   -7.0000000  -1.5634299e-02 
0.40   -6.0000000  -1.4971869e-02 
0.40   -5.0000000  -1.4235572e-02 
0.40   -4.0000000  -1.3462627e-02 
0.40   -3.0000000  -1.3109310e-02 
0.40   -2.0000000  -1.3012884e-02 
0.40   -1.0000000  -1.3173059e-02 
0.40    0.0000000  -1.3386530e-02 
0.40    1.0000000  -1.3367548e-02 
0.40    2.0000000  -1.3429021e-02 
0.40    3.0000000  -1.3507741e-02 
0.40    4.0000000  -1.3215142e-02 
0.40    5.0000000  -1.2508965e-02 
0.40    6.0000000  -1.1753336e-02 
0.40    7.0000000  -1.0497004e-02 
0.40    8.0000000  -8.1748860e-03 
0.40    9.0000000  -5.3842410e-03 
0.40   10.0000000  -6.1485900e-04 
0.40   11.0000000   3.7418020e-03 
0.40   12.0000000  -3.1258900e-03 
0.40   13.0000000  -2.3366693e-02 
0.40   14.0000000  -5.1326285e-02 
0.40   15.0000000  -7.2335124e-02 
0.40   16.0000000  -8.7287914e-02 
0.40   17.0000000  -9.6114213e-02 
0.40   18.0000000  -1.0505410e-01 
0.40   19.0000000  -1.1441844e-01 
0.40   20.0000000  -1.2292915e-01 
0.50  -10.0000000   3.7258137e-02 
0.50   -9.0000000   6.4070680e-03 
0.50   -8.0000000  -1.9826503e-02 
0.50   -7.0000000  -2.4638114e-02 
0.50   -6.0000000  -1.9376608e-02 
0.50   -5.0000000  -1.6804816e-02 
0.50   -4.0000000  -1.5415639e-02 
0.50   -3.0000000  -1.4528628e-02 
0.50   -2.0000000  -1.4119894e-02 
0.50   -1.0000000  -1.3832015e-02 
0.50    0.0000000  -1.3944902e-02 
0.50    1.0000000  -1.3943591e-02 
0.50    2.0000000  -1.3816556e-02 
0.50    3.0000000  -1.3466772e-02 
0.50    4.0000000  -1.2483780e-02 
0.50    5.0000000  -1.0729467e-02 
0.50    6.0000000  -8.2661970e-03 
0.50    7.0000000  -3.8277420e-03 
0.50    8.0000000   2.6492740e-03 
0.50    9.0000000   4.9143710e-03 
0.50   10.0000000  -5.1307550e-03 
0.50   11.0000000  -2.6457341e-02 
0.50   12.0000000  -4.8026556e-02 
0.50   13.0000000  -6.5966300e-02 
0.50   14.0000000  -7.9840027e-02 
0.50   15.0000000  -9.1639160e-02 
0.50   16.0000000  -1.0235254e-01 
0.50   17.0000000  -1.1145627e-01 
0.50   18.0000000  -1.1943953e-01 
0.50   19.0000000  -1.2641067e-01 
0.50   20.0000000  -1.3300157e-01 
