SC1095: 2D CFD runs
4 31    :nMach nAoA
==============================
-- Lift coefficient
==============================
0.00  -10.0000000  -1.0628380e+00 
0.00   -9.0000000  -9.5904090e-01 
0.00   -8.0000000  -8.4969440e-01 
0.00   -7.0000000  -7.3708490e-01 
0.00   -6.0000000  -6.2227420e-01 
0.00   -5.0000000  -5.0609260e-01 
0.00   -4.0000000  -3.8876220e-01 
0.00   -3.0000000  -2.7073940e-01 
0.00   -2.0000000  -1.5237700e-01 
0.00   -1.0000000  -3.3668240e-02 
0.00    0.0000000   8.5182380e-02 
0.00    1.0000000   2.0399110e-01 
0.00    2.0000000   3.2252130e-01 
0.00    3.0000000   4.4057380e-01 
0.00    4.0000000   5.5793340e-01 
0.00    5.0000000   6.7423920e-01 
0.00    6.0000000   7.8918230e-01 
0.00    7.0000000   9.0240530e-01 
0.00    8.0000000   1.0132150e+00 
0.00    9.0000000   1.1209540e+00 
0.00   10.0000000   1.2238160e+00 
0.00   11.0000000   1.3191440e+00 
0.00   12.0000000   1.4005810e+00 
0.00   13.0000000   1.4478340e+00 
0.00   14.0000000   1.2861120e+00 
0.00   15.0000000   9.1190700e-01 
0.00   16.0000000   8.6548440e-01 
0.00   17.0000000   8.5592220e-01 
0.00   18.0000000   8.5507560e-01 
0.00   19.0000000   8.5760690e-01 
0.00   20.0000000   8.6485660e-01 
0.30  -10.0000000  -1.0628380e+00 
0.30   -9.0000000  -9.5904090e-01 
0.30   -8.0000000  -8.4969440e-01 
0.30   -7.0000000  -7.3708490e-01 
0.30   -6.0000000  -6.2227420e-01 
0.30   -5.0000000  -5.0609260e-01 
0.30   -4.0000000  -3.8876220e-01 
0.30   -3.0000000  -2.7073940e-01 
0.30   -2.0000000  -1.5237700e-01 
0.30   -1.0000000  -3.3668240e-02 
0.30    0.0000000   8.5182380e-02 
0.30    1.0000000   2.0399110e-01 
0.30    2.0000000   3.2252130e-01 
0.30    3.0000000   4.4057380e-01 
0.30    4.0000000   5.5793340e-01 
0.30    5.0000000   6.7423920e-01 
0.30    6.0000000   7.8918230e-01 
0.30    7.0000000   9.0240530e-01 
0.30    8.0000000   1.0132150e+00 
0.30    9.0000000   1.1209540e+00 
0.30   10.0000000   1.2238160e+00 
0.30   11.0000000   1.3191440e+00 
0.30   12.0000000   1.4005810e+00 
0.30   13.0000000   1.4478340e+00 
0.30   14.0000000   1.2861120e+00 
0.30   15.0000000   9.1190700e-01 
0.30   16.0000000   8.6548440e-01 
0.30   17.0000000   8.5592220e-01 
0.30   18.0000000   8.5507560e-01 
0.30   19.0000000   8.5760690e-01 
0.30   20.0000000   8.6485660e-01 
0.40  -10.0000000  -9.5691700e-01 
0.40   -9.0000000  -9.5331000e-01 
0.40   -8.0000000  -8.9922800e-01 
0.40   -7.0000000  -7.9502300e-01 
0.40   -6.0000000  -6.7142900e-01 
0.40   -5.0000000  -5.3885400e-01 
0.40   -4.0000000  -4.1278100e-01 
0.40   -3.0000000  -2.8950900e-01 
0.40   -2.0000000  -1.6390600e-01 
0.40   -1.0000000  -3.7697000e-02 
0.40    0.0000000   8.9305000e-02 
0.40    1.0000000   2.1546900e-01 
0.40    2.0000000   3.3982700e-01 
0.40    3.0000000   4.6595600e-01 
0.40    4.0000000   5.9161200e-01 
0.40    5.0000000   7.1419600e-01 
0.40    6.0000000   8.3659100e-01 
0.40    7.0000000   9.6407900e-01 
0.40    8.0000000   1.0835460e+00 
0.40    9.0000000   1.2004700e+00 
0.40   10.0000000   1.2913540e+00 
0.40   11.0000000   1.3194600e+00 
0.40   12.0000000   1.2814740e+00 
0.40   13.0000000   1.1987450e+00 
0.40   14.0000000   1.1101490e+00 
0.40   15.0000000   1.0313180e+00 
0.40   16.0000000   9.8060500e-01 
0.40   17.0000000   9.6011500e-01 
0.40   18.0000000   9.4757100e-01 
0.40   19.0000000   9.3549700e-01 
0.40   20.0000000   9.2956200e-01 
0.50  -10.0000000  -7.5303400e-01 
0.50   -9.0000000  -8.0058000e-01 
0.50   -8.0000000  -8.3017100e-01 
0.50   -7.0000000  -8.0476300e-01 
0.50   -6.0000000  -7.1097500e-01 
0.50   -5.0000000  -5.8193000e-01 
0.50   -4.0000000  -4.4482300e-01 
0.50   -3.0000000  -3.0975500e-01 
0.50   -2.0000000  -1.7467300e-01 
0.50   -1.0000000  -4.0060000e-02 
0.50    0.0000000   9.4572000e-02 
0.50    1.0000000   2.2944900e-01 
0.50    2.0000000   3.6363900e-01 
0.50    3.0000000   4.9801000e-01 
0.50    4.0000000   6.3172600e-01 
0.50    5.0000000   7.6789900e-01 
0.50    6.0000000   9.0345000e-01 
0.50    7.0000000   1.0274880e+00 
0.50    8.0000000   1.1098070e+00 
0.50    9.0000000   1.1267550e+00 
0.50   10.0000000   1.0851300e+00 
0.50   11.0000000   1.0251080e+00 
0.50   12.0000000   9.7100000e-01 
0.50   13.0000000   9.3127100e-01 
0.50   14.0000000   9.0603500e-01 
0.50   15.0000000   8.9260500e-01 
0.50   16.0000000   8.8650500e-01 
0.50   17.0000000   8.8566600e-01 
0.50   18.0000000   8.8845800e-01 
0.50   19.0000000   8.9504300e-01 
0.50   20.0000000   9.0189900e-01 
==============================
-- Drag coefficient
==============================
0.00  -10.0000000   1.7164830e-02 
0.00   -9.0000000   1.5137520e-02 
0.00   -8.0000000   1.3673890e-02 
0.00   -7.0000000   1.2573260e-02 
0.00   -6.0000000   1.1722740e-02 
0.00   -5.0000000   1.1064610e-02 
0.00   -4.0000000   1.0571290e-02 
0.00   -3.0000000   1.0219150e-02 
0.00   -2.0000000   9.9947890e-03 
0.00   -1.0000000   9.8779650e-03 
0.00    0.0000000   9.8685360e-03 
0.00    1.0000000   9.9644250e-03 
0.00    2.0000000   1.0168500e-02 
0.00    3.0000000   1.0479590e-02 
0.00    4.0000000   1.0906990e-02 
0.00    5.0000000   1.1464630e-02 
0.00    6.0000000   1.2171860e-02 
0.00    7.0000000   1.3054430e-02 
0.00    8.0000000   1.4165380e-02 
0.00    9.0000000   1.5565730e-02 
0.00   10.0000000   1.7357730e-02 
0.00   11.0000000   1.9738460e-02 
0.00   12.0000000   2.3228030e-02 
0.00   13.0000000   2.9959720e-02 
0.00   14.0000000   6.0647570e-02 
0.00   15.0000000   1.4974530e-01 
0.00   16.0000000   1.8490370e-01 
0.00   17.0000000   2.1193540e-01 
0.00   18.0000000   2.3858530e-01 
0.00   19.0000000   2.6517210e-01 
0.00   20.0000000   2.9264750e-01 
0.30  -10.0000000   1.7164830e-02 
0.30   -9.0000000   1.5137520e-02 
0.30   -8.0000000   1.3673890e-02 
0.30   -7.0000000   1.2573260e-02 
0.30   -6.0000000   1.1722740e-02 
0.30   -5.0000000   1.1064610e-02 
0.30   -4.0000000   1.0571290e-02 
0.30   -3.0000000   1.0219150e-02 
0.30   -2.0000000   9.9947890e-03 
0.30   -1.0000000   9.8779650e-03 
0.30    0.0000000   9.8685360e-03 
0.30    1.0000000   9.9644250e-03 
0.30    2.0000000   1.0168500e-02 
0.30    3.0000000   1.0479590e-02 
0.30    4.0000000   1.0906990e-02 
0.30    5.0000000   1.1464630e-02 
0.30    6.0000000   1.2171860e-02 
0.30    7.0000000   1.3054430e-02 
0.30    8.0000000   1.4165380e-02 
0.30    9.0000000   1.5565730e-02 
0.30   10.0000000   1.7357730e-02 
0.30   11.0000000   1.9738460e-02 
0.30   12.0000000   2.3228030e-02 
0.30   13.0000000   2.9959720e-02 
0.30   14.0000000   6.0647570e-02 
0.30   15.0000000   1.4974530e-01 
0.30   16.0000000   1.8490370e-01 
0.30   17.0000000   2.1193540e-01 
0.30   18.0000000   2.3858530e-01 
0.30   19.0000000   2.6517210e-01 
0.30   20.0000000   2.9264750e-01 
0.40  -10.0000000   4.6634000e-02 
0.40   -9.0000000   2.6924000e-02 
0.40   -8.0000000   1.4481000e-02 
0.40   -7.0000000   1.1573000e-02 
0.40   -6.0000000   1.1212000e-02 
0.40   -5.0000000   1.0692000e-02 
0.40   -4.0000000   1.0036000e-02 
0.40   -3.0000000   9.6750000e-03 
0.40   -2.0000000   9.4520000e-03 
0.40   -1.0000000   9.3410000e-03 
0.40    0.0000000   9.3320000e-03 
0.40    1.0000000   9.4210000e-03 
0.40    2.0000000   9.6160000e-03 
0.40    3.0000000   9.9120000e-03 
0.40    4.0000000   1.0324000e-02 
0.40    5.0000000   1.0872000e-02 
0.40    6.0000000   1.1583000e-02 
0.40    7.0000000   1.2453000e-02 
0.40    8.0000000   1.3591000e-02 
0.40    9.0000000   1.5675000e-02 
0.40   10.0000000   2.0429000e-02 
0.40   11.0000000   3.0364000e-02 
0.40   12.0000000   4.7177000e-02 
0.40   13.0000000   7.2559000e-02 
0.40   14.0000000   1.0501500e-01 
0.40   15.0000000   1.3900100e-01 
0.40   16.0000000   1.7054400e-01 
0.40   17.0000000   1.9785800e-01 
0.40   18.0000000   2.2605900e-01 
0.40   19.0000000   2.5549600e-01 
0.40   20.0000000   2.8577900e-01 
0.50  -10.0000000   8.7470000e-02 
0.50   -9.0000000   6.2056000e-02 
0.50   -8.0000000   3.8761000e-02 
0.50   -7.0000000   2.0106000e-02 
0.50   -6.0000000   1.1814000e-02 
0.50   -5.0000000   1.0040000e-02 
0.50   -4.0000000   9.7090000e-03 
0.50   -3.0000000   9.4730000e-03 
0.50   -2.0000000   9.2090000e-03 
0.50   -1.0000000   9.0670000e-03 
0.50    0.0000000   9.0580000e-03 
0.50    1.0000000   9.1510000e-03 
0.50    2.0000000   9.3480000e-03 
0.50    3.0000000   9.6860000e-03 
0.50    4.0000000   1.0157000e-02 
0.50    5.0000000   1.0740000e-02 
0.50    6.0000000   1.1691000e-02 
0.50    7.0000000   1.4572000e-02 
0.50    8.0000000   2.3131000e-02 
0.50    9.0000000   3.7240000e-02 
0.50   10.0000000   5.5903000e-02 
0.50   11.0000000   7.8292000e-02 
0.50   12.0000000   1.0349700e-01 
0.50   13.0000000   1.2959200e-01 
0.50   14.0000000   1.5598400e-01 
0.50   15.0000000   1.8275900e-01 
0.50   16.0000000   2.1013900e-01 
0.50   17.0000000   2.3690400e-01 
0.50   18.0000000   2.6409600e-01 
0.50   19.0000000   2.9240400e-01 
0.50   20.0000000   3.1985000e-01 
==============================
-- Pitching moment coefficient
==============================
0.00  -10.0000000  -1.9248330e-02 
0.00   -9.0000000  -1.7406040e-02 
0.00   -8.0000000  -1.6019060e-02 
0.00   -7.0000000  -1.5003910e-02 
0.00   -6.0000000  -1.4315340e-02 
0.00   -5.0000000  -1.3864770e-02 
0.00   -4.0000000  -1.3631860e-02 
0.00   -3.0000000  -1.3548940e-02 
0.00   -2.0000000  -1.3558480e-02 
0.00   -1.0000000  -1.3659890e-02 
0.00    0.0000000  -1.3808880e-02 
0.00    1.0000000  -1.3967210e-02 
0.00    2.0000000  -1.4089590e-02 
0.00    3.0000000  -1.4129200e-02 
0.00    4.0000000  -1.4048260e-02 
0.00    5.0000000  -1.3789700e-02 
0.00    6.0000000  -1.3302480e-02 
0.00    7.0000000  -1.2542410e-02 
0.00    8.0000000  -1.1439140e-02 
0.00    9.0000000  -9.9515080e-03 
0.00   10.0000000  -7.9461490e-03 
0.00   11.0000000  -5.2944350e-03 
0.00   12.0000000  -1.8779410e-03 
0.00   13.0000000   1.6602510e-03 
0.00   14.0000000  -1.3465060e-02 
0.00   15.0000000  -7.2969650e-02 
0.00   16.0000000  -8.6987020e-02 
0.00   17.0000000  -9.5455850e-02 
0.00   18.0000000  -1.0314340e-01 
0.00   19.0000000  -1.0986830e-01 
0.00   20.0000000  -1.1695590e-01 
0.30  -10.0000000  -1.9248330e-02 
0.30   -9.0000000  -1.7406040e-02 
0.30   -8.0000000  -1.6019060e-02 
0.30   -7.0000000  -1.5003910e-02 
0.30   -6.0000000  -1.4315340e-02 
0.30   -5.0000000  -1.3864770e-02 
0.30   -4.0000000  -1.3631860e-02 
0.30   -3.0000000  -1.3548940e-02 
0.30   -2.0000000  -1.3558480e-02 
0.30   -1.0000000  -1.3659890e-02 
0.30    0.0000000  -1.3808880e-02 
0.30    1.0000000  -1.3967210e-02 
0.30    2.0000000  -1.4089590e-02 
0.30    3.0000000  -1.4129200e-02 
0.30    4.0000000  -1.4048260e-02 
0.30    5.0000000  -1.3789700e-02 
0.30    6.0000000  -1.3302480e-02 
0.30    7.0000000  -1.2542410e-02 
0.30    8.0000000  -1.1439140e-02 
0.30    9.0000000  -9.9515080e-03 
0.30   10.0000000  -7.9461490e-03 
0.30   11.0000000  -5.2944350e-03 
0.30   12.0000000  -1.8779410e-03 
0.30   13.0000000   1.6602510e-03 
0.30   14.0000000  -1.3465060e-02 
0.30   15.0000000  -7.2969650e-02 
0.30   16.0000000  -8.6987020e-02 
0.30   17.0000000  -9.5455850e-02 
0.30   18.0000000  -1.0314340e-01 
0.30   19.0000000  -1.0986830e-01 
0.30   20.0000000  -1.1695590e-01 
0.40  -10.0000000  -1.0393000e-02 
0.40   -9.0000000  -2.1054000e-02 
0.40   -8.0000000  -1.9939000e-02 
0.40   -7.0000000  -1.5370000e-02 
0.40   -6.0000000  -1.3728000e-02 
0.40   -5.0000000  -1.3499000e-02 
0.40   -4.0000000  -1.3542000e-02 
0.40   -3.0000000  -1.3567000e-02 
0.40   -2.0000000  -1.3710000e-02 
0.40   -1.0000000  -1.4206000e-02 
0.40    0.0000000  -1.4541000e-02 
0.40    1.0000000  -1.5077000e-02 
0.40    2.0000000  -1.5561000e-02 
0.40    3.0000000  -1.5796000e-02 
0.40    4.0000000  -1.5995000e-02 
0.40    5.0000000  -1.5754000e-02 
0.40    6.0000000  -1.5050000e-02 
0.40    7.0000000  -1.3929000e-02 
0.40    8.0000000  -1.2619000e-02 
0.40    9.0000000  -9.4220000e-03 
0.40   10.0000000  -3.3490000e-03 
0.40   11.0000000   2.2160000e-03 
0.40   12.0000000  -1.7960000e-03 
0.40   13.0000000  -2.0350000e-02 
0.40   14.0000000  -4.8243000e-02 
0.40   15.0000000  -6.9110000e-02 
0.40   16.0000000  -8.2568000e-02 
0.40   17.0000000  -9.2991000e-02 
0.40   18.0000000  -1.0357500e-01 
0.40   19.0000000  -1.1235900e-01 
0.40   20.0000000  -1.2036100e-01 
0.50  -10.0000000   3.2064000e-02 
0.50   -9.0000000   3.0900000e-03 
0.50   -8.0000000  -2.0146000e-02 
0.50   -7.0000000  -2.4704000e-02 
0.50   -6.0000000  -1.9325000e-02 
0.50   -5.0000000  -1.6263000e-02 
0.50   -4.0000000  -1.5189000e-02 
0.50   -3.0000000  -1.4620000e-02 
0.50   -2.0000000  -1.5016000e-02 
0.50   -1.0000000  -1.5380000e-02 
0.50    0.0000000  -1.5632000e-02 
0.50    1.0000000  -1.5799000e-02 
0.50    2.0000000  -1.5984000e-02 
0.50    3.0000000  -1.5557000e-02 
0.50    4.0000000  -1.5053000e-02 
0.50    5.0000000  -1.4171000e-02 
0.50    6.0000000  -1.1750000e-02 
0.50    7.0000000  -6.6210000e-03 
0.50    8.0000000   1.4450000e-03 
0.50    9.0000000   5.9310000e-03 
0.50   10.0000000  -6.3280000e-03 
0.50   11.0000000  -2.7146000e-02 
0.50   12.0000000  -4.8346000e-02 
0.50   13.0000000  -6.5366000e-02 
0.50   14.0000000  -7.9295000e-02 
0.50   15.0000000  -9.0505000e-02 
0.50   16.0000000  -1.0075400e-01 
0.50   17.0000000  -1.0990100e-01 
0.50   18.0000000  -1.1731200e-01 
0.50   19.0000000  -1.2426700e-01 
0.50   20.0000000  -1.3076700e-01 
